% Model:              Final Design Simulation.mph
% Version:            COMSOL 6.2.0.339
% Date:               Aug 11 2025, 15:19
% Dimension:          1
% Nodes:              975
% Expressions:        1
% Description:        Line graph
% Arc length (mm)         Electric potential
0                         3.5978159019415515E-5
0.001790467625154335      3.577219487454591E-5
0.012232893223702135      3.454572487568313E-5
0.012233740405743099      3.454563229067394E-5
0.012236891074141276      3.454530514929581E-5
0.012273870430007605      3.454138955345018E-5
0.04530176582656509       3.104419802659238E-5
0.046402051538340316      3.091834760156066E-5
0.04643033396322682       3.091560744066176E-5
0.05012720372832824       3.0557433839236765E-5
0.05790902974759771       2.979015872036505E-5
0.06432071440880538       2.9185558128807066E-5
0.08784332599674638       2.6967453896840823E-5
0.09683697629948984       2.6272142309253644E-5
0.10595561670062725       2.548068648012628E-5
0.13017453977759352       2.348277741637803E-5
0.1474679175669218        2.2212612035664093E-5
0.15861293846628932       2.1399714292519697E-5
0.15908652946772062       2.1365569698785427E-5
0.1625644275498157        2.1114822922129245E-5
0.16383636658930723       2.1030587668628695E-5
0.1655402936066528        2.091774364089132E-5
0.17110984842023136       2.054419223586486E-5
0.19025522029515596       1.9236572674026242E-5
0.19080716672412645       1.9198136431651446E-5
0.1909795869992319        1.9186520277837745E-5
0.20192135149000467       1.8480802432689813E-5
0.20633855212871488       1.8214903837788483E-5
0.21237303223613235       1.7832648619243952E-5
0.2201123693289171        1.7342398930930944E-5
0.22943932133012712       1.677272077677162E-5
0.232488510196176         1.6595242210606697E-5
0.23573452849225607       1.6406307153369764E-5
0.24941757193370684       1.56687401565485E-5
0.2529545670689721        1.5486099450579933E-5
0.26789905566102057       1.4667346937520013E-5
0.2695477054945066        1.4581761041265737E-5
0.2787227745384948        1.414492435008773E-5
0.2899953363676584        1.3633772318749787E-5
0.2995705820092285        1.3199584745913803E-5
0.30336088249675797       1.301577868019438E-5
0.3063587899919149        1.2883294107046556E-5
0.30802797714328456       1.2814325269627133E-5
0.3133713272041856        1.260565492751704E-5
0.320608531855628         1.2312905089163725E-5
0.33717405949900936       1.1642818256829821E-5
0.3373331797480743        1.163706618247426E-5
0.3454096147956891        1.132380512365844E-5
0.3481177900756487        1.1221263412913955E-5
0.3786678246018589        1.003284683846308E-5
0.3821800183426287        9.896220176040399E-6
0.38793457530287867       9.694757053684924E-6
0.40352916678911743       9.163199221740596E-6
0.4225430917336066        8.505933206109499E-6
0.4278183013518859        8.323581796942391E-6
0.4369847295124796        8.048468978555919E-6
0.47103813724096444       7.154012874076229E-6
0.47190022679329147       7.131237381456308E-6
0.47354468636941416       7.087792501700333E-6
0.475890609475373         7.024794477135334E-6
0.4765157961345121        7.008738443490559E-6
0.48092411296956783       6.9049686865058355E-6
0.48152756048482637       6.890763808690897E-6
0.4897496436304296        6.694817159360935E-6
0.4917279608370544        6.647670393622238E-6
0.5186667309454442        5.9969202690484595E-6
0.5243809546513196        5.875334428818294E-6
0.526715273310228         5.82727497123246E-6
0.5376113675310901        5.6029438260135954E-6
0.5600111036032471        5.136944674396434E-6
0.5744952523426416        4.877317852922447E-6
0.5751023838533653        4.8668537247280394E-6
0.6000454442708456        4.436951179464598E-6
0.6013554762610509        4.414089917193913E-6
0.6039236702284114        4.376666107967584E-6
0.6246095500339655        4.07104002023393E-6
0.641967042018571         3.826558235416372E-6
0.6426998489188547        3.8162365864669315E-6
0.6578002627846846        3.6111632108314336E-6
0.6595426557936435        3.587015276448479E-6
0.6606806998463304        3.5712430522901576E-6
0.6674026734514493        3.47543125236412E-6
0.6727416343897294        3.408988597540627E-6
0.6777333973898223        3.344329767571697E-6
0.6921054979840449        3.151164106247893E-6
0.6950306182739459        3.117140083516407E-6
0.7054643693344973        2.995778174235461E-6
0.7126205443376676        2.912246942916988E-6
0.7213857505547683        2.8272499793805905E-6
0.7268366045053192        2.7743925767135116E-6
0.7357743849735892        2.683892689134298E-6
0.7455056229989303        2.5886224850512224E-6
0.7506849839832732        2.5438231691870738E-6
0.7740978183745684        2.3440156099084976E-6
0.7756220159907796        2.3310079492184842E-6
0.7844332894752615        2.2524841628103687E-6
0.786079213183851         2.2396933895917626E-6
0.7887494236288815        2.2189426973998417E-6
0.789895358843216         2.21016975828729E-6
0.7904871910391087        2.20538529227307E-6
0.7965986941944205        2.1559789244794194E-6
0.7980441312265869        2.144778582493114E-6
0.8233609559515909        1.948604630520714E-6
0.826813863274487         1.92578712988423E-6
0.8475762545305976        1.790982741852154E-6
0.8529541131811111        1.7560658127102817E-6
0.8574230034152492        1.725135832474896E-6
0.8622886224279211        1.6930919585190442E-6
0.8648783029200944        1.6789905868106337E-6
0.8773468189238507        1.6125366757078574E-6
0.8848552639868457        1.569683170818376E-6
0.9012162889042514        1.4763046809429634E-6
0.9029427425657017        1.4684202855945254E-6
0.9145829305592832        1.4166059010899842E-6
0.916012867519008         1.4102407716359513E-6
0.9182473126360806        1.399337142143763E-6
0.9401439553805799        1.2998302284864707E-6
0.9410071822113073        1.2968919487352318E-6
0.979071621856912         1.1717226363179614E-6
1.0102126915016072        1.0848218614502202E-6
1.0102494175220578        1.084711732684116E-6
1.015750872650151         1.0723248788083556E-6
1.0158018337543542        1.0722236920117071E-6
1.0159130317482017        1.0719840866982852E-6
1.0413537611463068        1.0171653464478234E-6
1.0414272131872035        1.0169917889230891E-6
1.0524301234433917        9.992136116534123E-7
1.0525320456517933        9.99076039089949E-7
1.0526460174181054        9.98902918961967E-7
1.0724948307910083        9.68753091310786E-7
1.0726050088523502        9.685628050348783E-7
1.0891093742366333        9.52388834853135E-7
1.0892622575492332        9.522796775526767E-7
1.089352076390151         9.522003509263996E-7
1.1036359004357084        9.395850960391075E-7
1.103782804517496         9.39424781019483E-7
1.125788625029874         9.318505484075244E-7
1.125992469446671         9.3183460739989E-7
1.1260473931777941        9.318210195107112E-7
1.1347769700804085        9.29661360632788E-7
1.1349606001826418        9.295777168769037E-7
1.1624678758231162        9.375987523165802E-7
1.1627226813441114        9.37740828631589E-7
1.1627373467651836        9.377465245859683E-7
1.165918039725109         9.389818850918277E-7
1.1661383958477884        9.390216126071401E-7
1.1837432174279199        9.553480772360463E-7
1.1853182347486886        9.568087262099883E-7
1.1970591093698104        9.668057312574022E-7
1.1973598859228312        9.671493947480682E-7
1.2006867032621802        9.721283252963594E-7
1.2094230576067861        9.848928205307639E-7
1.2208391243711825        1.0018219769068133E-6
1.2313310355634206        1.027100281857646E-6
1.2365647735081478        1.0389662236249262E-6
1.2418445636938875        1.049174243942526E-6
1.2444789028867485        1.054267512246407E-6
1.2490210813907772        1.0672572522018845E-6
1.2546208605610927        1.0832715227035796E-6
1.2657143550572814        1.1048349265840394E-6
1.2706267810811989        1.1158312010705908E-6
1.288414343337573         1.1631711916959883E-6
1.2897686022276589        1.1669550876941651E-6
1.2932685823091852        1.1767342818505675E-6
1.3089544480140258        1.2378740523130305E-6
1.3102001434313841        1.2430965491511383E-6
1.3215324074245078        1.2906063272622115E-6
1.3319163040572768        1.3385319916741182E-6
1.3458056047392573        1.4179659300698445E-6
1.3475994857026183        1.4282252680448507E-6
1.3521945409707694        1.455114316905257E-6
1.3646555005983236        1.53170446567107E-6
1.3705640258053693        1.5670503427916966E-6
1.3724380337678168        1.5803293256778054E-6
1.3954346339275134        1.7530066995838084E-6
1.406290835892849         1.8377230143535982E-6
1.4067846280676646        1.8415763189850063E-6
1.409211747553461         1.8608383188380785E-6
1.4233436601111258        1.9885886458737824E-6
1.4386747268842575        2.1336633968932354E-6
1.4478594693015534        2.2232832313097966E-6
1.4559430216192615        2.311079978558558E-6
1.4659697704327104        2.4199820919738194E-6
1.4742492864544348        2.511005606681772E-6
1.4819148198410015        2.5985212330658983E-6
1.486507191049645         2.6523045229805873E-6
1.5251549127977424        3.1475802081017485E-6
1.5487726726165123        3.4959992601590393E-6
1.5492402668113145        3.5044014781296497E-6
1.550548882052352         3.524468671162273E-6
1.5538565453077045        3.5751906213204316E-6
1.5723904324352818        3.889857205466848E-6
1.5733256208248818        3.908742891991754E-6
1.5754830830367759        3.946628286156509E-6
1.5825581778176598        4.070868123614173E-6
1.5960081922540494        4.32915404402519E-6
1.5974109748384464        4.3606044496881615E-6
1.5998734385704858        4.409325904722803E-6
1.6112598103276152        4.6346127149830756E-6
1.619625952072818         4.813889775834067E-6
1.6214963288520128        4.85998615121887E-6
1.623614040646899         4.906599406047741E-6
1.6399614428375706        5.266424395427137E-6
1.643243711891587         5.344064400893479E-6
1.6455816828655792        5.406887996583882E-6
1.646569573033264         5.430831125011309E-6
1.6584918990290642        5.719788128338967E-6
1.6624499016931082        5.813437742792982E-6
1.6668614717103551        5.917819135712515E-6
1.6686630753475256        5.966241642583693E-6
1.6696670368791442        5.9948753032092644E-6
1.6728160675334536        6.076392101354582E-6
1.6749051889802247        6.130471756325367E-6
1.6904792315291237        6.535586710678998E-6
1.6945929542824043        6.6469242532285215E-6
1.6994902749714562        6.7895851942208245E-6
1.703724094771546         6.9129180847997265E-6
1.7173350027994863        7.3027976753406046E-6
1.73022646951329          7.681068070155611E-6
1.732486999981254         7.74727737374155E-6
1.7341479456411175        7.795925271654079E-6
1.7420515722364707        8.036994114345577E-6
1.7516992684102939        8.346374780390195E-6
1.7571320099880854        8.511652835643783E-6
1.7606540332538283        8.618801896129092E-6
1.7631868519594551        8.69560988545098E-6
1.7642562745731212        8.729715794295375E-6
1.7703057318862712        8.922644424234302E-6
1.7733285106730001        9.019324186191182E-6
1.7777304084794103        9.16533149343599E-6
1.7826425974822158        9.328264737350202E-6
1.787797742586628         9.508469663189792E-6
1.7880393585738767        9.516915670078428E-6
1.788364669964122         9.528069447930936E-6
1.8012453135196438        9.968317720232856E-6
1.8058047606333139        1.0132303756922387E-5
1.8084529026261427        1.0224956818386909E-5
1.8155956788769672        1.0474867921638581E-5
1.8174208461824124        1.0538530749431815E-5
1.8181396206974032        1.0563120517776757E-5
1.8198480295570718        1.0621566354713824E-5
1.8225817281659449        1.0719973591630994E-5
1.8240370229680254        1.0772361056696752E-5
1.829016155087317         1.0957501482217037E-5
1.8315398944222383        1.1050945948367628E-5
1.8384507455944998        1.1306828475339618E-5
1.8412932747944328        1.1410363429709806E-5
1.8469829661849388        1.162460867969272E-5
1.8476533611647517        1.1649852393310808E-5
1.8492604130140524        1.1707283317977684E-5
1.8589820226168539        1.2049799154657696E-5
1.871894070507918         1.254281595312999E-5
1.8847006878770065        1.3031807130039851E-5
1.8903857701513633        1.3243310565234486E-5
1.8922764675005865        1.3313650617493298E-5
1.8984729007055359        1.3546464274704062E-5
1.90996422683284          1.3980393372865074E-5
1.9101989715171133        1.3989212544291716E-5
1.910810850873843         1.4012200365959088E-5
1.9379637787942183        1.5055522415097378E-5
1.9394256694879912        1.5111970643471433E-5
1.9530618929348433        1.56385084062237E-5
1.9682731816638857        1.6231476976783605E-5
1.9774546568829           1.658039759620459E-5
1.981054076293351         1.6717866323301595E-5
1.9856799569950994        1.689453757476105E-5
2.00841446462864          1.7782243600661368E-5
2.013847318369101         1.7994378258731826E-5
2.0169455349715815        1.8116496349501177E-5
2.0226911980352433        1.8344052471822937E-5
2.0281959462663184        1.8561008962784996E-5
2.0518456754507652        1.9493106497617943E-5
2.0564364130602635        1.96695429835357E-5
2.060549063116355         1.9828383346527472E-5
2.0746327438033583        2.0384366294799037E-5
2.084517727047203         2.077824411008969E-5
2.095927291148945         2.123287049345877E-5
2.135418169237625         2.2813900436697013E-5
2.174923923575147         2.4209764441945547E-5
2.1889833179916214        2.4682718716744463E-5
2.2070896675786766        2.5291811483084863E-5
2.2103052309071707        2.5404101409601998E-5
2.2144296779126647        2.554756783582637E-5
2.21903491730216          2.5699959600476912E-5
2.223444630125726         2.5847579890575264E-5
2.2355401174331773        2.62736136870266E-5
2.2539354322501826        2.692154341562702E-5
2.2659243207281525        2.7323519960509496E-5
2.2787611659197236        2.7753927724063265E-5
2.285192292576683         2.797779603065738E-5
2.2934411865876996        2.8263816217026367E-5
2.3026516653667213        2.8567580689524297E-5
2.311471091013822         2.886184547943474E-5
2.3230952643486553        2.9269992289764917E-5
2.3329469409252175        2.961590337137956E-5
2.3401101639365014        2.9855287188487683E-5
2.350432664260771         3.020024915963264E-5
2.3600793542461966        3.0534984299864545E-5
2.372452695262735         3.0962645580297424E-5
2.3862684134312837        3.1416763703838564E-5
2.399497551901918         3.185669720327591E-5
2.409560464121064         3.220891179871131E-5
2.4119584496002524        3.229284430920314E-5
2.428173388981438         3.279241386816851E-5
2.4283393936482796        3.2797528341695106E-5
2.4298304288930286        3.284524311759312E-5
2.4442596815536737        3.3321279039955816E-5
2.4550110098861073        3.365820437210925E-5
2.45553466544187          3.367461469989423E-5
2.4558701882422693        3.368503774281532E-5
2.4702994409029158        3.4151244727819775E-5
2.481050769235351         3.448084645595979E-5
2.4815744247911127        3.449690007936261E-5
2.4819099475915114        3.450709457041997E-5
2.4963392002521583        3.496347261806621E-5
2.5070905285845946        3.5285750742192755E-5
2.5076141841403548        3.530144766121343E-5
2.516808600087319         3.560192184292609E-5
2.52138083528002          3.5731749397361387E-5
2.525646131139936         3.585286148086047E-5
2.5257243979768584        3.585533852374675E-5
2.52582792296319          3.5858584593427216E-5
2.533401308264697         3.6093006890323274E-5
2.5402030567248834        3.6274396806312545E-5
2.5418619545801056        3.63186365109054E-5
2.54383461181336          3.6381332623976075E-5
2.5499940164420742        3.6575287966065925E-5
2.556195858143906         3.6744002836204225E-5
2.5574480072813106        3.6778066294974656E-5
2.5619448256498636        3.6915030019856475E-5
2.566586724619453         3.705505127782178E-5
2.567892850106281         3.7088852949455153E-5
2.5765567683632185        3.730958669794749E-5
2.580055039486366         3.741660509382243E-5
2.583179432796831         3.751126961173336E-5
2.5892069643565723        3.766806513140982E-5
2.589249883422686         3.766918159462674E-5
2.5981652533228687        3.79301090230499E-5
2.599772140974209         3.797666678924471E-5
2.6099577772493725        3.822813560632918E-5
2.6112515821463305        3.825955770991011E-5
2.61527505871358          3.83570451199209E-5
2.6185937144774005        3.847404262132309E-5
2.620204361686522         3.852077107441644E-5
2.6288866823112595        3.8771508310699696E-5
2.639225600246526         3.905811409865972E-5
2.6409063346899235        3.9105395750055874E-5
2.644011436203493         3.919274704334966E-5
2.6445096844651332        3.920676725138361E-5
2.6458993412662086        3.9245776925056415E-5
2.647732197731967         3.929981268197253E-5
2.656985827595948         3.9599953363783234E-5
2.671751482887009         4.0078876112108335E-5
2.6746285108735997        4.014969113546983E-5
2.676827939825746         4.0220831677665224E-5
2.689294031696347         4.0624047491418454E-5
2.6923563198207034        4.074251646843952E-5
2.6969649429807934        4.092080761841618E-5
2.6992410545019077        4.099387086237531E-5
2.700172665714767         4.101648951161917E-5
2.7050332199846068        4.1134499224944535E-5
2.7180623863582163        4.1551564413517174E-5
2.7267306261168063        4.18111875755654E-5
2.731311767303893         4.191256877582759E-5
2.735437929095614         4.203004694569408E-5
2.7422686003685257        4.2277334958337E-5
2.7461976882296195        4.241957812739749E-5
2.754220197731705         4.2657174350791734E-5
2.7615112317483077        4.2816084143816485E-5
2.7658426382066215        4.291048816143999E-5
2.773329502911439         4.3131547497976904E-5
2.779036386302119         4.3336240325175755E-5
2.7817097693466035        4.343212844765864E-5
2.7954304334784457        4.381694841451516E-5
2.796247347317628         4.3834479670612475E-5
2.7975665516928094        4.387298909937927E-5
2.809199340961502         4.4188614197856594E-5
2.8160942190631384        4.4382510442614835E-5
2.8194375167331414        4.4463704346673404E-5
2.822414535020696         4.454902556767118E-5
2.822917668358963         4.456344534833732E-5
2.838900730437654         4.491586033389576E-5
2.842317669422817         4.49926682361239E-5
2.8434715584971517        4.501860601247531E-5
2.861591517514814         4.550518044452716E-5
2.862855488698349         4.553912180499929E-5
2.8632171846643133        4.554878895324791E-5
2.867505600261161         4.564695538048546E-5
2.8681060067498603        4.566332573696114E-5
2.8686021199138056        4.567685248841855E-5
2.871969557103973         4.5770112810244616E-5
2.8764219761328573        4.586398791137802E-5
2.8777826933591255        4.589267736454969E-5
2.8915396420251707        4.6231279756320104E-5
2.8974331019906003        4.640211686523214E-5
2.898303509389957         4.6427347864433623E-5
2.9103401502654886        4.678142811567855E-5
2.915573683789181         4.691530535910365E-5
2.918199015320452         4.6993947282348566E-5
2.921021445848983         4.707849331485724E-5
2.9280048988661083        4.7241517586971665E-5
2.9338420292168483        4.738028751612443E-5
2.9396077255531905        4.7517359197590155E-5
2.957463115866663         4.8019953444504055E-5
2.9577046817516033        4.802547459264486E-5
2.957831921980784         4.802984533356302E-5
2.966241096600954         4.8310698783817705E-5
2.9696558560572424        4.8424746477962135E-5
2.9857444004918166        4.885646689763013E-5
2.9908234522157686        4.899275830364868E-5
3.0113811915464366        4.91988566486646E-5
3.0221576420133944        4.930480077048583E-5
3.0251150184238815        4.933387496775186E-5
3.0264024565579204        4.9368093640826103E-5
3.028777930716837         4.945438718019156E-5
3.0346694082705934        4.9668406115441744E-5
3.04100248950893          4.992436034837643E-5
3.042245999744053         4.997528863321392E-5
3.0585940584776568        5.0604409388773036E-5
3.086916391335361         5.169433497180328E-5
3.095827107513849         5.200563096949211E-5
3.1091687412574402        5.2561918006143535E-5
3.12379679979524          5.3179739849453105E-5
3.12444463738297          5.320549984060706E-5
3.147430326112801         5.411948067401723E-5
3.1666616860110803        5.48159472645341E-5
3.1672018997212876        5.4839163330649476E-5
3.1773349930059505        5.527464017843217E-5
3.1935421118621363        5.597990157579403E-5
3.2053475998464265        5.649362366460078E-5
3.207944260890241         5.660019887779942E-5
3.222560349465799         5.7148233304608586E-5
3.23749626450831          5.770825971638613E-5
3.2455012447544607        5.8062526865242346E-5
3.2684581956676824        5.909089881413528E-5
3.286898399897613         5.985151629092233E-5
3.3083308430055403        6.0682568325048236E-5
3.313667496502971         6.092557806657407E-5
3.3289721304451225        6.163075137878953E-5
3.3653646376781166        6.317844884899501E-5
3.3684491999488           6.330962885240793E-5
3.379165421502771         6.373887309052038E-5
3.381833748251482         6.386379378242736E-5
3.389486065222563         6.422617644501201E-5
3.450000000000003         6.687717401280342E-5
3.5037120321032313        7.015442636562051E-5
3.55742406420646          7.363600396893777E-5
3.6111360963096883        7.732190682275519E-5
3.6648481284129177        8.121213492707282E-5
3.7185601605161467        8.530668828189061E-5
3.7722721926193756        8.960556688720858E-5
3.825984224722604         9.410877074302675E-5
3.881997163890942         9.953477948565758E-5
3.9380101030592787        1.054155075177395E-4
3.9940230422276155        1.1175095483927251E-4
4.050035981395953         1.1854112145025666E-4
4.106048920564291         1.257860073506919E-4
4.162061859732628         1.3348561254057824E-4
4.2180747989009655        1.416399370199157E-4
4.251206970486542         1.473686635098178E-4
4.284339142072116         1.5348332716844129E-4
4.317471313657691         1.5998392799578622E-4
4.3506034852432665        1.6687046599185256E-4
4.383735656828842         1.7414294115664035E-4
4.416867828414418         1.8180135349014955E-4
4.449999999999993         1.898457029923802E-4
4.489285714285708         2.0008861754105642E-4
4.528571428571423         2.1148206472627754E-4
4.5678571428571395        2.240260445480437E-4
4.607142857142854         2.3772055700635485E-4
4.646428571428569         2.525656021012111E-4
4.685714285714284         2.6856117983261235E-4
4.725                     2.8570729020055847E-4
4.773471605201026         3.08352107306522E-4
4.773570321558648         3.0839833415552154E-4
4.779271473711347         3.113078567908535E-4
4.779395257392146         3.113735138272864E-4
4.8219432104020505        3.3493460728405415E-4
4.822140643117287         3.3504415409585554E-4
4.8335429474227105        3.4185037560480603E-4
4.833790514784301         3.420031232940826E-4
4.870414815603075         3.6545479013315663E-4
4.870710964675926         3.656447500215647E-4
4.887814421134074         3.773348466424098E-4
4.888185772176455         3.775961186009447E-4
4.918886420804101         3.999126558538291E-4
4.9192812862345665        4.0020012193264884E-4
4.942085894845438         4.1776126990366463E-4
4.94258102956861          4.1815249974787267E-4
4.967358026005126         4.383082044460715E-4
4.9678516077932064        4.3871026982910804E-4
4.996357368556801         4.631296453885709E-4
4.996976286960765         4.636722667348666E-4
5.015829631206152         4.8064143590988417E-4
5.0164219293518455        4.8117519371094244E-4
5.016516172059537         4.8126408568958544E-4
5.050628842268167         5.134399730971286E-4
5.05137154435292          5.141554195619266E-4
5.064301236407176         5.269123502452671E-4
5.064752334039931         5.273740394107246E-4
5.067070893012584         5.299592551342598E-4
5.096481251608102         5.627520899824244E-4
5.09692999773073          5.632794623391137E-4
5.108392758249021         5.75551107218866E-4
5.109807756159563         5.77086804489296E-4
5.136681653919142         6.074196284179162E-4
5.136895050795108         6.076604915008782E-4
5.139564438799197         6.109555980138738E-4
5.1564253509487665        6.32538750380857E-4
5.160840391901708         6.382553631441129E-4
5.177415153138759         6.604359323732029E-4
5.1782953625597505        6.6170687487214E-4
5.182198879867662         6.673431995053973E-4
5.204457943648513         7.004997279763261E-4
5.2118730276438505        7.116542982108275E-4
5.217935255482411         7.210369142618368E-4
5.220678150043387         7.255720523654665E-4
5.224833320936128         7.324422668136841E-4
5.252490536348258         7.794340400052735E-4
5.254266504691111         7.824777158603823E-4
5.258455357826062         7.896566226234127E-4
5.262905663385993         7.977539879467518E-4
5.264007307949628         7.998062605543939E-4
5.267467762004593         8.062527999387345E-4
5.272071903244341         8.150401821467834E-4
5.290627802020435         8.504556410279546E-4
5.300340037649562         8.689105814384029E-4
5.309764873536821         8.87817096009757E-4
5.317774436319923         9.048044962120139E-4
5.343105636302564         9.582521708287249E-4
5.347483892206178         9.674900907490346E-4
5.351660814037569         9.767453609059468E-4
5.3770311607231145        0.0010358752629760315
5.377205356794511         0.001036281256507388
5.385006647574707         0.001054378178595064
5.393722263406875         0.0010744833606808528
5.394627746762792         0.0010768906966246916
5.395781837774849         0.0010800020531317222
5.406435042421167         0.0011087224202871654
5.420720464086982         0.0011468727771075178
5.426070071700276         0.0011620610481272646
5.445164003922254         0.0012188912108191115
5.4467118615355545        0.0012234981717617328
5.447497691705726         0.001225817148374972
5.449056431712274         0.0012306797114843243
5.4537494583438715        0.0012443186551667528
5.4557956045962674        0.001250768202857589
5.4681528711765175        0.0012897308781562825
5.469182166886181         0.0012929762653348734
5.471199822624144         0.0012989623617192195
5.480183199896633         0.0013278231554790972
5.480361618907999         0.0013283983033270887
5.48089727116756          0.0013301250209117347
5.48108533649676          0.0013307625836297072
5.494121889196721         0.0013761399518458584
5.496666451248615         0.0013850246176327543
5.507561347847528         0.0014230655508425034
5.514771945188324         0.0014494430859930546
5.522849369899408         0.001479723969879547
5.534225424527496         0.0015224942713785432
5.54796877386838          0.0015764535681695073
5.548458553879888         0.0015783765481031233
5.551576850602094         0.0015909023663975004
5.560889501207464         0.0016284111825198536
5.56964067333734          0.0016651158808218306
5.580304331304782         0.0017096651006041769
5.584404047828042         0.0017266968612519556
5.585675506954793         0.0017319758655285435
5.586520901980996         0.0017359665787009717
5.59392781699605          0.001770024269509579
5.60412010085458          0.0018161645535374172
5.6071144123556325        0.0018297197473530614
5.615783181997681         0.001872399643673265
5.6175042696819695        0.0018808732618401597
5.623458658410508         0.0019113158980127703
5.635160460937094         0.0019672985723343675
5.642107803714186         0.00200087675924811
5.642377249037146         0.002002229691877626
5.65604178841133          0.0020708417612335882
5.660938876147087         0.0020965332678807205
5.6852924052629845        0.0022357084226122784
5.688248752139446         0.002252748565505153
5.69085027948466          0.002267743557484993
5.694338187437201         0.002288503075780692
5.696044150682633         0.0022990407418778383
5.698419093883667         0.002313710670153965
5.7236077204298486        0.0024811006999207034
5.732634586463071         0.002540382108797832
5.735424349588875         0.0025593310869222743
5.735899311620248         0.0025625805206199214
5.739592755255135         0.0025895794497712635
5.7466788044318085        0.002642709911244415
5.770930985488945         0.0028245502483871684
5.773379529356824         0.0028434603576791423
5.785556293914766         0.002943206363403517
5.788335231025609         0.0029661065781450935
5.800002589852413         0.0030644457657589552
5.809227384514814         0.0031421976225820595
5.8108597470934065        0.003156323564310334
5.835688238240657         0.0033828135327779196
5.8370777067960855        0.003395556786484195
5.844434692132681         0.0034644126522890423
5.847523783540685         0.003493324231382506
5.848339964829985         0.003501146803346821
5.885820182566559         0.0038779300747885507
5.922792239510174         0.0042778617176507504
5.928870095513154         0.004342764025647925
5.930260557588887         0.004358912451296044
5.93934346710099          0.004485692420232373
5.955144818152874         0.004687384920485874
5.959764296453795         0.004746349127110999
5.971920008459754         0.004899822422170848
5.973001605854903         0.004914489786760141
5.974700932611208         0.00493753407773463
5.977552900895797         0.0049828952124943635
5.992866751635417         0.005226465118528696
5.9967363533974165        0.005283392303169254
6.011194009332256         0.0054940798969742985
6.014969921406354         0.005549105264357267
6.019141307633532         0.005613794954104353
6.0337084103410366        0.005873851636903632
6.0463900361698455        0.006098489921423988
6.058019834352951         0.006290612552207185
6.063581682655852         0.00638769508040521
6.070680467284659         0.006528247119992062
6.076690059013735         0.006646400536097007
6.099913320704272         0.0071029885749416015
6.101069747299554         0.007124344285720601
6.105823141546906         0.0072165706288411366
6.10765252422828          0.007251603690743359
6.108022057678176         0.007258629099697663
6.144119660246154         0.008029527034511232
6.144624581171899         0.00804078230568413
6.145061744527157         0.00805115545499483
6.14992958918747          0.008166661201017429
6.152357701700467         0.008227169127468027
6.175469309849327         0.008824753618119288
6.18208864121634          0.008999273382403555
6.182151636168085         0.00900093425470622
6.196204255201566         0.0093881764977517
6.217969749859858         0.01000456384083428
6.220177827025413         0.010072132045621336
6.2433650521031225        0.010783670688107566
6.246746504458485         0.01088743618874434
6.252934913315883         0.011122682580110888
6.275148189187845         0.01193650434350454
6.284375799887885         0.012275369177600696
6.297288753715403         0.012779025021939165
6.326207365218589         0.01411886161622943
6.327201184986912         0.014164906568753556
6.330118551350275         0.014296053810556802
6.338429571127975         0.01467038362254309
6.347831002972322         0.01508813306094456
6.350781849915911         0.015240874888244825
6.385088913512709         0.017094932525555627
6.395627735485457         0.0176653907704218
6.398373252229241         0.017814003458534396
6.40146745665794          0.018004162716474092
6.410118130318781         0.018523889007510327
6.417187899943939         0.01894863571393108
6.440059275675139         0.02037490121573999
6.4489155014861606        0.020927941331081314
6.464311323213393         0.022002167043349573
6.4757337283289695        0.022799152192209463
6.483593949971964         0.023336764163090377
6.495029637837573         0.024145010452462652
6.49945775074308          0.024458360256810918
6.549999999999997         0.02840526023572308
6.644882831061918         0.033797957507815904
6.739765662123838         0.046398723626101514
6.8346484931857585        0.0662075585905799
6.9295313242476775        0.09322446240125115
7.024414155309598         0.1274494350581152
7.11929698637152          0.1688824765611721
7.21417981743344          0.21752358691042173
7.244333672763007         0.23733557788723283
7.264436242982708         0.25145189741454177
7.274487528092573         0.2584739013183562
7.28956445575737          0.26968815133115964
7.30464138342214          0.2808541501349129
7.314692668531987         0.2887523121088023
7.334795238751708         0.304476324336903
7.364949094081275         0.3294248309932054
7.395102949410841         0.3555308559660624
7.415205519630545         0.37384319815740036
7.425256804740408         0.3829632133932315
7.461273923505308         0.41729192786046093
7.497291042270207         0.4516441395398123
7.506295321961424         0.460295430313205
7.533308161035107         0.4861042555001639
7.5513167204175495        0.5034366146652488
7.567370858654893         0.5187918938525535
7.599479135129573         0.5495280565648025
7.631587411604251         0.5806253986849959
7.647641549841582         0.5961868719139122
7.663695688078929         0.6119082898522742
7.6923901084804225        0.6384469576712039
7.721084528881917         0.6639664199395572
7.73543173908266          0.6760455680172633
7.749778949283411         0.688291046296475
7.7784733696849075        0.7114208367419569
7.807167790086402         0.7335314216368628
7.821515000287146         0.7439061310278465
7.835862210487897         0.7544471706203331
7.864556630889393         0.7741680836923674
7.904428802126359         0.8000955878106626
7.905769699819823         0.8009378053021801
7.90982336616136          0.8033923824905048
7.9115595462526205        0.804420193621763
7.944300973363325         0.8240216536439096
7.946982768750259         0.8255677318731398
7.955090101433331         0.8300586200996085
7.958562461615852         0.8319350995068435
7.984173144600291         0.8459462811921101
7.988195837680692         0.848057863405246
8.0003568367053           0.8541667965196786
8.005565376979087         0.8567128013476062
8.024045315837256         0.8658694704552643
8.029408906611126         0.8684081998984987
8.04562357197727          0.8757169117507155
8.052568292342318         0.8787532991440516
8.063917487074221         0.8837912214333721
8.07062197554156          0.886618741352898
8.09089030724924          0.894708965792719
8.099571207705552         0.8980565928961795
8.103789658311186         0.8997115341264335
8.111835044471993         0.9026894877684434
8.136157042521205         0.9111429586456885
8.142798613888287         0.9133615106575734
8.143661829548153         0.9136498594131679
8.1440164935878           0.9137688638860536
8.147185882238436         0.914832325031171
8.152441453529946         0.9166055880431301
8.164089957424066         0.9204584889255578
8.168516579867687         0.9218132289128828
8.179699890045084         0.9252358107302681
8.181869881147833         0.9258985372368844
8.182660045349625         0.9261380572569526
8.185041133250392         0.9268849757954656
8.187640327625333         0.9276360599671003
8.199712648895227         0.9309844996309683
8.219192438477661         0.936422211041308
8.220229566162887         0.93671306380433
8.220492960066736         0.9367825828996984
8.230560468576144         0.9393719328078416
8.25281880470044          0.9449753308659813
8.255330637511634         0.9455662119099231
8.261358717382286         0.9469842514032607
8.279559396671912         0.9511431398803479
8.285408043237991         0.9524476626225267
8.29702331099718          0.9548467049822107
8.302224474697839         0.9559302292824227
8.304813026699797         0.956452045806041
8.317997281775543         0.9591098105119158
8.328558324767677         0.9610644638458425
8.343090232013388         0.9636747807010582
8.349308039844258         0.964749773822918
8.350586520313094         0.9649708095557381
8.377489330024659         0.9691779950648403
8.377557252863445         0.9691886171517579
8.380103559312012         0.9695729304974373
8.383092337996986         0.9700242487659526
8.383223561152688         0.9700440640194934
8.38323074656338          0.9700450897940454
8.383617340996084         0.9701002792255145
8.401987585065097         0.9724565019947508
8.40201715286316          0.9724603011178633
8.415698146695348         0.9742181519987545
8.419184929433698         0.9746712784494199
8.419197742391994         0.9746729685717036
8.421394972045377         0.9749627380720759
8.42422390580755          0.9752834335525017
8.42429570343488          0.9752915558681163
8.43327707625377          0.9763075998154753
8.444776938639988         0.9776261528847208
8.44644448836296          0.9778093640994703
8.446581880522523         0.9778236902222884
8.448231279513816         0.9779956759644182
8.449060296148263         0.9780817403665715
8.468715530708078         0.9801222494966485
8.469617274393489         0.9802115450300045
8.473854321323408         0.9806311203168445
8.474228821702868         0.9806661093823703
8.481122649526405         0.9813070419044811
8.492348038195235         0.9823566848350701
8.499951201174            0.9830302179531839
8.500987689384544         0.9831230461301156
8.503932479214967         0.9833660587109344
8.515651218485267         0.9843331229966773
8.525574284541534         0.9851031792256617
8.528021291432719         0.9852954577407016
8.532245568506347         0.98559766097821
8.538954398775296         0.9860776082429927
8.551197367909067         0.9868932273845954
8.555054893480891         0.9871539720503856
8.559348446148027         0.9874139740324247
8.562257579065324         0.9875901405740171
8.576820451276602         0.9884003624299844
8.577275784804378         0.9884261390895254
8.582088495529064         0.9886985890591673
8.585560759355356         0.98887071998975
8.593595933524918         0.9893557028749934
8.594219422245601         0.9893933350846122
8.610105578554261         0.9903380853629372
8.616123813740463         0.9906197946034194
8.619767453146336         0.9907903507312312
8.624251697577455         0.9909628880481173
8.64209599790202          0.9916433744475925
8.645329352368648         0.991766677334184
8.647304934728396         0.9918389118936455
8.648746675538648         0.9918874096750828
8.666649918850899         0.9924896452329592
8.675117809214136         0.9927673716238679
8.692417705263246         0.9933288555399024
8.694004857053553         0.9933803679998636
8.696216227570439         0.9934486660183794
8.697004267776059         0.9934706993058947
8.713532384555464         0.993932818810064
8.725983920850819         0.9942704900050111
8.74181963435769          0.9946945254597093
8.74268036173846          0.99471757329561
8.745127520412487         0.9947792568085161
8.745511142292203         0.9947878042288401
8.760414850260027         0.9951198714625452
8.776850032487502         0.9954722431915475
8.790939954259242         0.9957695181361153
8.79135586642336          0.9957782932214235
8.79403881325453          0.9958306842640556
8.794126102884904         0.9958321334548232
8.80729731596459          0.9960508031904034
8.827716144124182         0.9963726311834773
8.839937352890999         0.9965610780485061
8.840031371108267         0.9965625277773045
8.841031690186483         0.9965763808695486
8.842950106096573         0.9966029483849985
8.854179781669156         0.9967256139936387
8.855916929169695         0.996743128928687
8.878582255760865         0.9969716539808
8.88870687579317          0.9970702769632525
8.89186139893862          0.9970960491713441
8.90106224737372          0.9971443038722504
8.905772408668302         0.9971650466325371
8.929448367397548         0.9972693115835154
8.940696115456731         0.9973549521766549
8.94682047276908          0.9973942264451152
8.958691130537535         0.9974537344323537
8.970291775416419         0.9975131227256928
8.977603273076303         0.9975412474799348
8.982816895074981         0.9975606301559767
8.990378211977404         0.9975865304176165
8.99876769000008          0.9976152674324263
9.00218510315161          0.997622623808971
9.015616788619148         0.9976546994698164
9.024026602223138         0.9976723241210242
9.027243604583733         0.9976786512428075
9.032347798511687         0.9976821936925329
9.048416682163314         0.997697800625188
9.052638574372082         0.9977006669392771
9.055719519167395         0.997702758644853
9.061316811468679         0.9976994347968005
9.065931988179956         0.9976977807743663
9.070449931369977         0.9976961615992275
9.08121657570748          0.9976909146213495
9.084195433751054         0.9976885920911684
9.103812945302419         0.997648328724574
9.104524537998422         0.9976469928865911
9.106004466485842         0.9976442146896021
9.112671348334713         0.9976335475035393
9.114016469251647         0.9976296832743136
9.11687326051681          0.9976206412170892
9.120448519785747         0.9976088641047479
9.13977073779135          0.9975497648883462
9.141147262918368         0.997545554628616
9.155962417269416         0.9974812694449811
9.162605438622268         0.997454633672848
9.166766945750943         0.9974353305963666
9.171167992438868         0.9974167224459671
9.1767483895916           0.9973869354187237
9.188602082215729         0.997322339313516
9.195620288781495         0.9972840939477834
9.201188721959356         0.9972502470891462
9.220463881213231         0.9971116968041545
9.225525764178023         0.9970773890824869
9.228635138940723         0.9970563147975499
9.23120945147985          0.9970372480098311
9.238506813507087         0.996975101975679
9.241678932423458         0.9969480874723863
9.244158537648492         0.9969278476610327
9.258112520948984         0.9968210118182215
9.261822554000815         0.9967837743634984
9.264435691005245         0.9967575464109362
9.270568919166482         0.99670068430378
9.280178038679324         0.9966058340826478
9.2848399365765           0.9965598171665451
9.295136961576025         0.9964543506847912
9.296225360862437         0.9964416175597788
9.30494487633419          0.9963396084148493
9.313023665752743         0.996242415504522
9.318758203922643         0.9961712946377181
9.324935267190863         0.996098312226265
9.334943761988995         0.9959654835860308
9.341207394928988         0.9958879836405237
9.348484920170769         0.9957769920198829
9.349136591448111         0.9957670531946925
9.357856017178829         0.9956381910881613
9.374919881251081         0.9953947414161599
9.378119520839483         0.9953490922475413
9.39655167112454          0.9950505096138267
9.398769796114333         0.9950142014874976
9.409594589844701         0.9948250860012535
9.415315743389856         0.9947251340981024
9.43899117186423          0.994265768610361
9.43968357504984          0.9942522165832324
9.443313257936518         0.9941771757959081
9.452511965940229         0.9939869998735165
9.458251069328556         0.9938572603262918
9.48059735398534          0.9933531534976646
9.481430672603922         0.9933334366673716
9.489708188490603         0.9931361798335676
9.51226908115127          0.9925549553091026
9.521511132920846         0.9923168571440324
9.523870173343612         0.9922534833448371
9.526904411040976         0.9921714556046203
9.548429528836891         0.9915479570481032
9.55435533510298          0.9913768849100406
9.56242491185635          0.9911439242484072
9.56410063359135          0.9910937016029342
9.566309674083307         0.9910232270360302
9.568423162464022         0.9909454294824378
9.572877575084913         0.990789908133585
9.579536346871517         0.9905574237954484
9.605155179910447         0.9896767889387416
9.610567642674214         0.9894793999643201
9.632085836767496         0.9886296317817154
9.63319177875007          0.9885868662935654
9.643414512877897         0.9881915650733457
9.651459222337557         0.9878888791855132
9.660653524553366         0.9874603276633229
9.684310438831625         0.9863903207918523
9.68579483599462          0.9863241465985362
9.688643945532982         0.9861715342211129
9.707792649557021         0.9852083790184064
9.720130449651682         0.9846006764928454
9.73423132716844          0.9837794352670289
9.73614829340407          0.9836732795433649
9.737846906108093         0.98357543344213
9.755630366179883         0.9825775762171768
9.756229245080807         0.9825439722033491
9.771601479028448         0.9815820245336695
9.779605428567631         0.9810875042097253
9.793556740011383         0.9801944649141326
9.806017144124311         0.9793162984695598
9.819811157618956         0.978344143820546
9.823062563731192         0.9781198470061171
9.82673193210499          0.9778585470408168
9.830884234941955         0.9775762299372226
9.840144097649425         0.9768867783791146
9.866519698894752         0.9749438594432904
9.868211729872531         0.9748154510569735
9.891612740657177         0.9728444844056363
9.897894676133674         0.9723012170343267
9.90244566288892          0.9719076436490799
9.902880236569093         0.971870633268358
9.90343014081718          0.9718159923959157
9.9202584558785           0.9701901895680849
9.937548743265655         0.9685796816799854
9.948759226859057         0.9673762948459701
9.963173733553695         0.965796465506821
9.964511703962781         0.965649824005175
9.972217249962219         0.9648154376710609
9.981967754128153         0.9636211626884814
9.983098825435325         0.9634877155547381
9.995706724323671         0.9620001984030746
9.999778375809104         0.9615419716399319
10                        0.9615144069116067
