% Model:              Final Design Simulation.mph
% Version:            COMSOL 6.2.0.339
% Date:               Aug 11 2025, 15:04
% Dimension:          1
% Nodes:              975
% Expressions:        1
% Description:        Line graph
% Arc length (mm)         Electric potential
0                         0.9679836888391455
0.001790467625154335      0.9681706101302437
0.012232893223702135      0.9692357172434511
0.012233740405743099      0.969235800028575
0.012236891074141276      0.9692360960125672
0.012273870430007605      0.9692396146969374
0.04530176582656509       0.9723823070611647
0.046402051538340316      0.9724899679462532
0.04643033396322682       0.9724923666117116
0.05012720372832824       0.9728059024504971
0.05790902974759771       0.9734789561008874
0.06432071440880538       0.9740227623464712
0.08784332599674638       0.9760178297538502
0.09683697629948984       0.9766359281950652
0.10595561670062725       0.9773243479517739
0.13017453977759352       0.9791121961712077
0.1474679175669218        0.9802210209075404
0.15861293846628932       0.9809379170097625
0.15908652946772062       0.980967965114298
0.1625644275498157        0.9811886286083641
0.16383636658930723       0.9812642729828036
0.1655402936066528        0.9813656084158047
0.17110984842023136       0.9816939225546485
0.19025522029515596       0.9828383572379903
0.19080716672412645       0.9828721660366225
0.1909795869992319        0.9828825706518798
0.20192135149000467       0.9835123490057586
0.20633855212871488       0.9837455114064123
0.21237303223613235       0.9840802928825244
0.2201123693289171        0.9845096565807938
0.22943932133012712       0.985018617430925
0.232488510196176         0.9851765093797613
0.23573452849225607       0.9853445934759724
0.24941757193370684       0.985987825611636
0.2529545670689721        0.9861508816751161
0.26789905566102057       0.9868800704752729
0.2695477054945066        0.9869559181812088
0.2787227745384948        0.9873342408121644
0.2899953363676584        0.9877888011809711
0.2995705820092285        0.9881749181308013
0.30336088249675797       0.9883379673358061
0.3063587899919149        0.9884526232050133
0.30802797714328456       0.9885118093986937
0.3133713272041856        0.988696415864001
0.320608531855628         0.9889560637407698
0.33717405949900936       0.9895503821671945
0.3373331797480743        0.9895553315436335
0.3454096147956891        0.9898361732269985
0.3481177900756487        0.9899263551316804
0.3786678246018589        0.9909810738709884
0.3821800183426287        0.9911023299223128
0.38793457530287867       0.9912820673176707
0.40352916678911743       0.9917461752305536
0.4225430917336066        0.9923296543204263
0.4278183013518859        0.9924915343381473
0.4369847295124796        0.992734629691083
0.47103813724096444       0.9935113126100833
0.47190022679329147       0.9935311692336534
0.47354468636941416       0.9935690462902669
0.475890609475373         0.9936241193915498
0.4765157961345121        0.9936379785131283
0.48092411296956783       0.993727929268612
0.48152756048482637       0.9937402424851804
0.4897496436304296        0.9939090668489468
0.4917279608370544        0.993949687715681
0.5186667309454442        0.9945114433409237
0.5243809546513196        0.9946154231863358
0.526715273310228         0.9946562893262092
0.5376113675310901        0.9948470436213884
0.5600111036032471        0.9952474210110602
0.5744952523426416        0.9954678381463242
0.5751023838533653        0.9954766584402861
0.6000454442708456        0.9958390265949717
0.6013554762610509        0.9958585399780375
0.6039236702284114        0.9958899720141712
0.6246095500339655        0.9961453470518787
0.641967042018571         0.99634765515327
0.6426998489188547        0.9963561962934768
0.6578002627846846        0.9965206141155646
0.6595426557936435        0.9965399931468812
0.6606806998463304        0.9965526505618406
0.6674026734514493        0.9966293624150571
0.6727416343897294        0.996680881395886
0.6777333973898223        0.9967317711982655
0.6921054979840449        0.996885249957701
0.6950306182739459        0.9969113316796265
0.7054643693344973        0.9970043638173955
0.7126205443376676        0.9970686672315234
0.7213857505547683        0.9971324437720464
0.7268366045053192        0.9971721047451314
0.7357743849735892        0.9972413110924871
0.7455056229989303        0.9973127378800739
0.7506849839832732        0.9973443824125343
0.7740978183745684        0.9974779425874856
0.7756220159907796        0.9974866374809306
0.7844332894752615        0.9975405011346932
0.786079213183851         0.9975485378947753
0.7887494236288815        0.9975615760693902
0.789895358843216         0.997566707178522
0.7904871910391087        0.9975696336008897
0.7965986941944205        0.9975998530442669
0.7980441312265869        0.9976064175062769
0.8233609559515909        0.9977213940361578
0.826813863274487         0.9977328276304706
0.8475762545305976        0.9977931658180793
0.8529541131811111        0.9978087945691314
0.8574230034152492        0.9978238688101264
0.8622886224279211        0.9978383195769185
0.8648783029200944        0.9978428250075696
0.8773468189238507        0.9978594654550568
0.8848552639868457        0.997872553161291
0.9012162889042514        0.9979010714877905
0.9029427425657017        0.9979019569046166
0.9145829305592832        0.9979032104024133
0.916012867519008         0.9979033643881418
0.9182473126360806        0.9979046485437153
0.9401439553805799        0.9979084045417336
0.9410071822113073        0.9979074906617853
0.979071621856912         0.9978517702349723
1.0102126915016072        0.9977643297513338
1.0102494175220578        0.9977642594577358
1.015750872650151         0.9977408846979308
1.0158018337543542        0.997740628848654
1.0159130317482017        0.9977400936831022
1.0413537611463068        0.9976176544059552
1.0414272131872035        0.9976173665589078
1.0524301234433917        0.9975485579254683
1.0525320456517933        0.9975478418888312
1.0526460174181054        0.9975470648783084
1.0724948307910083        0.9974117441988367
1.0726050088523502        0.9974110915384881
1.0891093742366333        0.9972747899175844
1.0892622575492332        0.9972734093555035
1.089352076390151         0.9972726169365208
1.1036359004357084        0.9971465991299778
1.103782804517496         0.9971454343964764
1.125788625029874         0.9969195806742792
1.125992469446671         0.9969173312486704
1.1260473931777941        0.9969167365752973
1.1347769700804085        0.9968222191993787
1.1349606001826418        0.9968203951328731
1.1624678758231162        0.9964829301955529
1.1627226813441114        0.9964796075683326
1.1627373467651836        0.9964794193801692
1.165918039725109         0.9964386044070395
1.1661383958477884        0.9964359737476781
1.1837432174279199        0.9961846992481831
1.1853182347486886        0.9961622189471376
1.1970591093698104        0.9959983045563894
1.1973598859228312        0.9959934592948737
1.2006867032621802        0.9959357704507744
1.2094230576067861        0.9957837853341374
1.2208391243711825        0.9955837025864774
1.2313310355634206        0.9953521109651569
1.2365647735081478        0.995238558428248
1.2418445636938875        0.9951327314693723
1.2444789028867485        0.9950799293511783
1.2490210813907772        0.9949682339413468
1.2546208605610927        0.9948305313766326
1.2657143550572814        0.9946259737724382
1.2706267810811989        0.9945288031335122
1.288414343337573         0.9941260510776252
1.2897686022276589        0.9940945193285001
1.2932685823091852        0.9940130278982565
1.3089544480140258        0.9935429845951067
1.3102001434313841        0.9935039853568678
1.3215324074245078        0.9931492038773079
1.3319163040572768        0.9927943968989225
1.3458056047392573        0.9922269966584496
1.3475994857026183        0.992153713739943
1.3521945409707694        0.99196305265992
1.3646555005983236        0.9914293021123457
1.3705640258053693        0.9911820519335574
1.3724380337678168        0.9910911082249184
1.3954346339275134        0.9899092957404892
1.406290835892849         0.9893368274902211
1.4067846280676646        0.989310788886369
1.409211747553461         0.989181246321515
1.4233436601111258        0.9883325457085959
1.4386747268842575        0.9873679553145044
1.4478594693015534        0.9867777572666567
1.4559430216192615        0.9862043005798036
1.4659697704327104        0.9854929912533489
1.4742492864544348        0.9849003250299468
1.4819148198410015        0.984329672130665
1.486507191049645         0.9839816385818559
1.5251549127977424        0.9807944461889713
1.5487726726165123        0.9784716545634033
1.5492402668113145        0.978415816637473
1.550548882052352         0.9782751234146594
1.5538565453077045        0.9779195064320778
1.5723904324352818        0.9758060476158292
1.5733256208248818        0.9756797054124506
1.5754830830367759        0.9754139150582668
1.5825581778176598        0.9745422928637604
1.5960081922540494        0.9727976253462484
1.5974109748384464        0.9725861125139036
1.5998734385704858        0.9722441289723724
1.6112598103276152        0.9706628054840186
1.619625952072818         0.9694463877546615
1.6214963288520128        0.9691350379418322
1.623614040646899         0.9688077214672247
1.6399614428375706        0.9662810442928518
1.643243711891587         0.9657523348410681
1.6455816828655792        0.9653264816962356
1.646569573033264         0.965158299158848
1.6584918990290642        0.9631285927166491
1.6624499016931082        0.9624668554433492
1.6668614717103551        0.9617292863808762
1.6686630753475256        0.9613901242462015
1.6696670368791442        0.9611945778654938
1.6728160675334536        0.9606187068314749
1.6749051889802247        0.9602366640189998
1.6904792315291237        0.957395271086782
1.6945929542824043        0.956570494446308
1.6994902749714562        0.9555332697014993
1.703724094771546         0.9546365706816593
1.7173350027994863        0.9518085520295577
1.73022646951329          0.948902414537224
1.732486999981254         0.9483927474582287
1.7341479456411175        0.9480182648600819
1.7420515722364707        0.9462101388640694
1.7516992684102939        0.9437396124963733
1.7571320099880854        0.9424195024740559
1.7606540332538283        0.9415636807594822
1.7631868519594551        0.9409480776434022
1.7642562745731212        0.9406589558753913
1.7703057318862712        0.9390234660591734
1.7733285106730001        0.9382232631795075
1.7777304084794103        0.9370766174363412
1.7826425974822158        0.9357970464745857
1.787797742586628         0.9343718322894858
1.7880393585738767        0.9343050340664681
1.788364669964122         0.93421639183826
1.8012453135196438        0.9305734407446602
1.8058047606333139        0.9292110818135384
1.8084529026261427        0.9284422003060313
1.8155956788769672        0.9263683128081588
1.8174208461824124        0.9258195087624678
1.8181396206974032        0.9256062434708843
1.8198480295570718        0.925099346932398
1.8225817281659449        0.9242445678377019
1.8240370229680254        0.9237895229511146
1.829016155087317         0.9222537247679211
1.8315398944222383        0.9214855945514592
1.8384507455944998        0.9193821944366246
1.8412932747944328        0.9184796105913086
1.8469829661849388        0.9165282773577667
1.8476533611647517        0.9162983590873502
1.8492604130140524        0.9157635884557713
1.8589820226168539        0.9125875594457225
1.871894070507918         0.9080154028015279
1.8847006878770065        0.9034805791091328
1.8903857701513633        0.9015114237595522
1.8922764675005865        0.900856538461506
1.8984729007055359        0.8987299185814182
1.90996422683284          0.8941656517270772
1.9101989715171133        0.8940731412867874
1.910810850873843         0.8938320059917725
1.9379637787942183        0.8830009090426968
1.9394256694879912        0.8823388419631972
1.9530618929348433        0.8761632129156096
1.9682731816638857        0.8693225076300346
1.9774546568829           0.8652644358030929
1.981054076293351         0.8634792085995999
1.9856799569950994        0.8611848807852601
2.00841446462864          0.8497999113149128
2.013847318369101         0.8470792509439472
2.0169455349715815        0.8455375550346412
2.0226911980352433        0.8423682516815323
2.0281959462663184        0.8393489165989028
2.0518456754507652        0.8263771231537111
2.0564364130602635        0.8238945954409019
2.060549063116355         0.82144855357261
2.0746327438033583        0.8130044951875259
2.084517727047203         0.8071091741038314
2.095927291148945         0.8003046057858576
2.135418169237625         0.7746203974948466
2.174923923575147         0.7469116528906997
2.1889833179916214        0.7363209855040871
2.2070896675786766        0.722681825780569
2.2103052309071707        0.7202641665026764
2.2144296779126647        0.7171856480318181
2.21903491730216          0.7135092715009147
2.223444630125726         0.709958593553125
2.2355401174331773        0.7002466276138362
2.2539354322501826        0.6854762701735698
2.2659243207281525        0.6752277280345327
2.2787611659197236        0.6642543213571874
2.285192292576683         0.65876588174534
2.2934411865876996        0.6517711181259349
2.3026516653667213        0.6434829834508868
2.311471091013822         0.6354859598286762
2.3230952643486553        0.6249719239670984
2.3329469409252175        0.6160611070135827
2.3401101639365014        0.6092102509177076
2.350432664260771         0.5993378842246992
2.3600793542461966        0.590125543222817
2.372452695262735         0.578376807777195
2.3862684134312837        0.5645415333447825
2.399497551901918         0.5512024963214973
2.409560464121064         0.5410786657047166
2.4119584496002524        0.5386661634107384
2.428173388981438         0.5228445192929579
2.4283393936482796        0.5226825410888514
2.4298304288930286        0.5212307100982693
2.4442596815536737        0.507166422345995
2.4550110098861073        0.4966452133484417
2.45553466544187          0.4961327660140706
2.4558701882422693        0.49580867175735616
2.4702994409029158        0.48181368026472715
2.481050769235351         0.4713441043529033
2.4815744247911127        0.4708341718661285
2.4819099475915114        0.4705116889524024
2.4963392002521583        0.45658599371941894
2.5070905285845946        0.4461680508933239
2.5076141841403548        0.4456606332541454
2.516808600087319         0.43668019765036303
2.52138083528002          0.4322829577300594
2.525646131139936         0.42818090951148385
2.5257243979768584        0.42810565932713035
2.52582792296319          0.42800670206648816
2.533401308264697         0.42072903335315404
2.5402030567248834        0.4142949018528822
2.5418619545801056        0.4127256631477909
2.54383461181336          0.41084842028086205
2.5499940164420742        0.40502129848995716
2.556195858143906         0.3992470603590847
2.5574480072813106        0.3980812441963458
2.5619448256498636        0.3938956845858861
2.566586724619453         0.3896009826614599
2.567892850106281         0.38841214324925827
2.5765567683632185        0.3804822476996252
2.580055039486366         0.3772604897954722
2.583179432796831         0.37440048766994966
2.5892069643565723        0.368973432134191
2.589249883422686         0.36893478876036023
2.5981652533228687        0.36090999233253496
2.599772140974209         0.3594725842669697
2.6099577772493725        0.3505140250034512
2.6112515821463305        0.3493695202357912
2.61527505871358          0.34579881676710794
2.6185937144774005        0.34306706757260785
2.620204361686522         0.34169064374435
2.6288866823112595        0.334283661774907
2.639225600246526         0.3254031394751079
2.6409063346899235        0.3239612574023156
2.644011436203493         0.3212974277746177
2.6445096844651332        0.32086668855000267
2.6458993412662086        0.3197294847159377
2.647732197731967         0.31823521737465044
2.656985827595948         0.3107487090881824
2.671751482887009         0.2988027805913078
2.6746285108735997        0.2965029041967469
2.676827939825746         0.2948246627450178
2.689294031696347         0.28531259730735536
2.6923563198207034        0.2830779667512925
2.6969649429807934        0.2797149356723408
2.6992410545019077        0.27797632340518647
2.700172665714767         0.27727369260768897
2.7050332199846068        0.2736078123823805
2.7180623863582163        0.2642547955446114
2.7267306261168063        0.2578971163774827
2.731311767303893         0.25458126991560004
2.735437929095614         0.25173217879264587
2.7422686003685257        0.24726398917891693
2.7461976882296195        0.24469383042424386
2.754220197731705         0.23917223846915636
2.7615112317483077        0.23422439115562066
2.7658426382066215        0.23128500865379664
2.773329502911439         0.22647647431277718
2.779036386302119         0.22300124803999993
2.7817097693466035        0.22137328223846223
2.7954304334784457        0.21315032634740877
2.796247347317628         0.21263286208041896
2.7975665516928094        0.21184519159142254
2.809199340961502         0.20471809675581873
2.8160942190631384        0.20081666250954588
2.8194375167331414        0.19887726880300483
2.822414535020696         0.19729069486159376
2.822917668358963         0.19702255467351135
2.838900730437654         0.1879570795819071
2.842317669422817         0.18605131138054454
2.8434715584971517        0.18540773971733548
2.861591517514814         0.17615572660321496
2.862855488698349         0.17551034556485048
2.8632171846643133        0.17531706245658452
2.867505600261161         0.17296435689464248
2.8681060067498603        0.17266326782431837
2.8686021199138056        0.17241447928835288
2.871969557103973         0.170757619022985
2.8764219761328573        0.16841441717302608
2.8777826933591255        0.16769830417890386
2.8915396420251707        0.1606006237471457
2.8974331019906003        0.1578378242126346
2.898303509389957         0.157429785272541
2.9103401502654886        0.15190088091699153
2.915573683789181         0.14942239319996237
2.918199015320452         0.1483028604552177
2.921021445848983         0.14709927783762416
2.9280048988661083        0.14388209299111038
2.9338420292168483        0.14124817221669572
2.9396077255531905        0.13864648500967058
2.957463115866663         0.1314312628011389
2.9577046817516033        0.1313243748651303
2.957831921980784         0.13127626444823073
2.966241096600954         0.1279496408675509
2.9696558560572424        0.1265987806651251
2.9857444004918166        0.11973709386458987
2.9908234522157686        0.1175709027392707
3.0113811915464366        0.10942425705258838
3.0221576420133944        0.10503138635737852
3.0251150184238815        0.10382585284630554
3.0264024565579204        0.10331911859668186
3.028777930716837         0.10267296990683111
3.0346694082705934        0.10107043910751487
3.04100248950893          0.09932656790081701
3.042245999744053         0.09900957383239198
3.0585940584776568        0.0945950319698892
3.086916391335361         0.08694702151913933
3.095827107513849         0.08460722192200376
3.1091687412574402        0.08136192547053762
3.12379679979524          0.07810271350107073
3.12444463738297          0.0779485790867632
3.147430326112801         0.07247979225356893
3.1666616860110803        0.0680475518032554
3.1672018997212876        0.06793349509646729
3.1773349930059505        0.06579406911043999
3.1935421118621363        0.06270349690571189
3.2053475998464265        0.06045228166188879
3.207944260890241         0.05991786767637813
3.222560349465799         0.057018676111496
3.23749626450831          0.0540560449888675
3.2455012447544607        0.05262299882052412
3.2684581956676824        0.04898250792479182
3.286898399897613         0.04619569393445147
3.3083308430055403        0.042632701478840025
3.313667496502971         0.04184871460079002
3.3289721304451225        0.039913202052103774
3.3653646376781166        0.03558199046946882
3.3684491999488           0.035214884907089974
3.379165421502771         0.03377752127317301
3.381833748251482         0.0334712164512377
3.389486065222563         0.03274920086779533
3.450000000000003         0.02749050437186631
3.5037120321032313        0.023614523426107367
3.55742406420646          0.020131938943920874
3.6111360963096883        0.017042750925306827
3.6648481284129177        0.014346959370265228
3.7185601605161467        0.012044564278796079
3.7722721926193756        0.010135565650899377
3.825984224722604         0.008619963486575124
3.881997163890942         0.007429580495111461
3.9380101030592787        0.006364956590747251
3.9940230422276155        0.005426091773482493
4.050035981395953         0.004612986043317189
4.106048920564291         0.003925639400251336
4.162061859732628         0.0033640518442849356
4.2180747989009655        0.002928223375417988
4.251206970486542         0.002688638512695385
4.284339142072116         0.0024663761661309716
4.317471313657691         0.0022614363357247465
4.3506034852432665        0.0020738190214767117
4.383735656828842         0.0019035242233868656
4.416867828414418         0.0017505519414552093
4.449999999999993         0.0016149021756817422
4.489285714285708         0.0014729974719769345
4.528571428571423         0.0013426356610006715
4.5678571428571395        0.0012238167427529546
4.607142857142854         0.0011165407172337833
4.646428571428569         0.0010208075844431582
4.685714285714284         9.366173443810787E-4
4.725                     8.639699970475443E-4
4.773471605201026         7.820775212000853E-4
4.773570321558648         7.819159682393129E-4
4.779271473711347         7.730003792160505E-4
4.779395257392146         7.728103852667837E-4
4.8219432104020505        7.076577521319482E-4
4.822140643117287         7.073658836991421E-4
4.8335429474227105        6.913387600199772E-4
4.833790514784301         6.909979418338183E-4
4.870414815603075         6.407106898431337E-4
4.870710964675926         6.403197434270185E-4
4.887814421134074         6.189851394593532E-4
4.888185772176455         6.185326667486624E-4
4.918886420804101         5.812363343336414E-4
4.9192812862345665        5.807775474229417E-4
4.942085894845438         5.559395175341785E-4
4.94258102956861          5.55414560011316E-4
4.967358026005126         5.292346856034721E-4
4.9678516077932064        5.287392956869125E-4
4.996357368556801         5.022018942444534E-4
4.996976286960765         5.016436216217794E-4
5.015829631206152         4.8470574365262504E-4
5.0164219293518455        4.8420498821893037E-4
5.016516172059537         4.8413216402163153E-4
5.050628842268167         4.5777226959017745E-4
5.05137154435292          4.572198515800522E-4
5.064301236407176         4.476495084811006E-4
5.064752334039931         4.472954123564367E-4
5.067070893012584         4.455491958808582E-4
5.096481251608102         4.2339886313629265E-4
5.09692999773073          4.230749925723405E-4
5.108392758249021         4.150324205656993E-4
5.109807756159563         4.140579372196453E-4
5.136681653919142         3.9607692150284645E-4
5.136895050795108         3.959341401089833E-4
5.139564438799197         3.9424403072441756E-4
5.1564253509487665        3.833216822245324E-4
5.160840391901708         3.805188075899135E-4
5.177415153138759         3.7032112825920486E-4
5.1782953625597505        3.698112142538483E-4
5.182198879867662         3.675498681491757E-4
5.204457943648513         3.543289623986345E-4
5.2118730276438505        3.5002071125234786E-4
5.217935255482411         3.466172647311617E-4
5.220678150043387         3.451759426331215E-4
5.224833320936128         3.429925048466149E-4
5.252490536348258         3.28054261088006E-4
5.254266504691111         3.2711801185894763E-4
5.258455357826062         3.2490974585352284E-4
5.262905663385993         3.2272360819997424E-4
5.264007307949628         3.2220402875339466E-4
5.267467762004593         3.2057194081673525E-4
5.272071903244341         3.1833301134719935E-4
5.290627802020435         3.093095373831829E-4
5.300340037649562         3.04555238322518E-4
5.309764873536821         3.003570897918579E-4
5.317774436319923         2.9692597203493504E-4
5.343105636302564         2.859300956313306E-4
5.347483892206178         2.8402956344918096E-4
5.351660814037569         2.8240055341655117E-4
5.3770311607231145        2.729387962395506E-4
5.377205356794511         2.72873830594849E-4
5.385006647574707         2.6991985491351517E-4
5.393722263406875         2.6665482320024957E-4
5.394627746762792         2.66309371302441E-4
5.395781837774849         2.6591734745678357E-4
5.406435042421167         2.622986464961156E-4
5.420720464086982         2.5747986709032507E-4
5.426070071700276         2.557144979721917E-4
5.445164003922254         2.4956810292711684E-4
5.4467118615355545        2.490698428382953E-4
5.447497691705726         2.4881873661961046E-4
5.449056431712274         2.4833206545050437E-4
5.4537494583438715        2.467342617061288E-4
5.4557956045962674        2.4610884929419545E-4
5.4681528711765175        2.4215779608869847E-4
5.469182166886181         2.418286940104467E-4
5.471199822624144         2.411273663280882E-4
5.480183199896633         2.3831749397793268E-4
5.480361618907999         2.382635959465883E-4
5.48089727116756          2.381017824601513E-4
5.48108533649676          2.3804718844595577E-4
5.494121889196721         2.3434758150274972E-4
5.496666451248615         2.336265371253226E-4
5.507561347847528         2.3053928526229532E-4
5.514771945188324         2.285810832382127E-4
5.522849369899408         2.2644002302399981E-4
5.534225424527496         2.2342938702629093E-4
5.54796877386838          2.1995434322350475E-4
5.548458553879888         2.1983050099614806E-4
5.551576850602094         2.1906231747280365E-4
5.560889501207464         2.1677208775213816E-4
5.56964067333734          2.1472315192685347E-4
5.580304331304782         2.1219579824643953E-4
5.584404047828042         2.110829539696568E-4
5.585675506954793         2.107320346252097E-4
5.586520901980996         2.105103519353212E-4
5.59392781699605          2.0853574779443486E-4
5.60412010085458          2.057246471197656E-4
5.6071144123556325        2.0489879579953018E-4
5.615783181997681         2.0270253076438098E-4
5.6175042696819695        2.0226648679741509E-4
5.623458658410508         2.0109189624129063E-4
5.635160460937094         1.9839941155039937E-4
5.642107803714186         1.967867437951231E-4
5.642377249037146         1.967254125924993E-4
5.65604178841133          1.9361508718803658E-4
5.660938876147087         1.9253246776624455E-4
5.6852924052629845        1.8729801073812395E-4
5.688248752139446         1.8665656591566646E-4
5.69085027948466          1.860921070359066E-4
5.694338187437201         1.8535104849544743E-4
5.696044150682633         1.8499975830610718E-4
5.698419093883667         1.845107124553259E-4
5.7236077204298486        1.794785004860594E-4
5.732634586463071         1.7765827281681777E-4
5.735424349588875         1.7711399142639019E-4
5.735899311620248         1.7702035963070714E-4
5.739592755255135         1.7631492120951064E-4
5.7466788044318085        1.7499344093385174E-4
5.770930985488945         1.704706415417413E-4
5.773379529356824         1.7003003994468222E-4
5.785556293914766         1.679136392929972E-4
5.788335231025609         1.6742498456295512E-4
5.800002589852413         1.6542595468438626E-4
5.809227384514814         1.6384542215534096E-4
5.8108597470934065        1.6357642648185E-4
5.835688238240657         1.5963735358216183E-4
5.8370777067960855        1.5941408384264092E-4
5.844434692132681         1.5826506922549913E-4
5.847523783540685         1.5778261465761682E-4
5.848339964829985         1.576604861831451E-4
5.885820182566559         1.5228221904856713E-4
5.922792239510174         1.4652814462431775E-4
5.928870095513154         1.4550629264024765E-4
5.930260557588887         1.45290713780121E-4
5.93934346710099          1.440388910053526E-4
5.955144818152874         1.4171552749131148E-4
5.959764296453795         1.410362990314778E-4
5.971920008459754         1.3909710150140635E-4
5.973001605854903         1.3893870821050707E-4
5.974700932611208         1.3868985225130132E-4
5.977552900895797         1.3832130815875422E-4
5.992866751635417         1.363423838997676E-4
5.9967363533974165        1.3580668227004925E-4
6.011194009332256         1.336245531983923E-4
6.014969921406354         1.3305464563204513E-4
6.019141307633532         1.3247963446210852E-4
6.0337084103410366        1.3072244623662906E-4
6.0463900361698455        1.2903425368217654E-4
6.058019834352951         1.2737892503216403E-4
6.063581682655852         1.266600604125426E-4
6.070680467284659         1.2586478464511846E-4
6.076690059013735         1.2511644724125964E-4
6.099913320704272         1.2222459765378374E-4
6.101069747299554         1.2206993970176304E-4
6.105823141546906         1.2149643355688083E-4
6.10765252422828          1.2127306984070152E-4
6.108022057678176         1.2122333365054998E-4
6.144119660246154         1.1698646903406383E-4
6.144624581171899         1.1693381255589436E-4
6.145061744527157         1.169006378951102E-4
6.14992958918747          1.1653123571760841E-4
6.152357701700467         1.1631860878062662E-4
6.175469309849327         1.1467992941253052E-4
6.18208864121634          1.1421636874615264E-4
6.182151636168085         1.1421195712507033E-4
6.196204255201566         1.1306366183107846E-4
6.217969749859858         1.11304414053842E-4
6.220177827025413         1.1113871778419068E-4
6.2433650521031225        1.0947689172455537E-4
6.246746504458485         1.0923454337865703E-4
6.252934913315883         1.0873829880845023E-4
6.275148189187845         1.0692211791589455E-4
6.284375799887885         1.0619876573173589E-4
6.297288753715403         1.0526123905367277E-4
6.326207365218589         1.0291527320376658E-4
6.327201184986912         1.028346515170307E-4
6.330118551350275         1.0259340066997673E-4
6.338429571127975         1.0193414017699469E-4
6.347831002972322         1.0115990092298189E-4
6.350781849915911         1.0089174920025619E-4
6.385088913512709         9.797268454916227E-5
6.395627735485457         9.711150130065896E-5
6.398373252229241         9.68871505113253E-5
6.40146745665794          9.660794562611052E-5
6.410118130318781         9.581375771457149E-5
6.417187899943939         9.516470704016208E-5
6.440059275675139         9.319730934775655E-5
6.4489155014861606        9.246535109063279E-5
6.464311323213393         9.106173755677423E-5
6.4757337283289695        9.002037434190389E-5
6.483593949971964         8.92914161015207E-5
6.495029637837573         8.829703995947944E-5
6.49945775074308          8.792692638163484E-5
6.549999999999997         8.327187638433093E-5
6.644882831061918         7.893870287440756E-5
6.739765662123838         7.480907680982832E-5
6.8346484931857585        7.088299819059327E-5
6.9295313242476775        6.716046701670244E-5
7.024414155309598         6.364148328815577E-5
7.11929698637152          6.032604700495331E-5
7.21417981743344          5.721415816709499E-5
7.244333672763007         5.5975191700808946E-5
7.264436242982708         5.5171682984562695E-5
7.274487528092573         5.4766927521460716E-5
7.28956445575737          5.4176646022765635E-5
7.30464138342214          5.357230397859562E-5
7.314692668531987         5.318064374645416E-5
7.334795238751708         5.2391321072213636E-5
7.364949094081275         5.124104045276945E-5
7.395102949410841         5.0087338819353335E-5
7.415205519630545         4.934067332502031E-5
7.425256804740408         4.896433947287502E-5
7.461273923505308         4.7525917346722507E-5
7.497291042270207         4.605385125163209E-5
7.506295321961424         4.567764576337591E-5
7.533308161035107         4.456520283805906E-5
7.5513167204175495        4.3807196292213694E-5
7.567370858654893         4.317005112984298E-5
7.599479135129573         4.191600165670275E-5
7.631587411604251         4.0620974895965666E-5
7.647641549841582         3.998358194139768E-5
7.663695688078929         3.9343123394046824E-5
7.6923901084804225        3.807022416533001E-5
7.721084528881917         3.674112179629827E-5
7.73543173908266          3.607708762250421E-5
7.749778949283411         3.541396883336669E-5
7.7784733696849075        3.4088765276535226E-5
7.807167790086402         3.270735857938895E-5
7.821515000287146         3.201717224153755E-5
7.835862210487897         3.132790128834278E-5
7.864556630889393         2.995039340339667E-5
7.904428802126359         2.78914806714559E-5
7.905769699819823         2.781880447613566E-5
7.90982336616136          2.7603315206586187E-5
7.9115595462526205        2.7510888463300217E-5
7.944300973363325         2.5839989106649837E-5
7.946982768750259         2.5696258268428148E-5
7.955090101433331         2.5270181842662778E-5
7.958562461615852         2.5087427924939535E-5
7.984173144600291         2.3795918708978167E-5
7.988195837680692         2.3582754780274047E-5
8.0003568367053           2.2950993311626256E-5
8.005565376979087         2.2680011788314682E-5
8.024045315837256         2.1759269478440894E-5
8.029408906611126         2.147829401167335E-5
8.04562357197727          2.0645749613476618E-5
8.052568292342318         2.028864005342565E-5
8.063917487074221         1.9730041415038024E-5
8.07062197554156          1.938287596262607E-5
8.09089030724924          1.8354450748213854E-5
8.099571207705552         1.7913312720272444E-5
8.103789658311186         1.770823451876955E-5
8.111835044471993         1.7296500633132184E-5
8.136157042521205         1.6077096715837974E-5
8.142798613888287         1.5743607278999167E-5
8.143661829548153         1.5700263123170844E-5
8.1440164935878           1.5685088747978506E-5
8.147185882238436         1.5549485790987203E-5
8.152441453529946         1.5293247988277236E-5
8.164089957424066         1.4749582028739085E-5
8.168516579867687         1.4548604383429375E-5
8.179699890045084         1.4040859398433303E-5
8.181869881147833         1.3943156103165506E-5
8.182660045349625         1.3907999177217438E-5
8.185041133250392         1.3798203133334515E-5
8.187640327625333         1.3681652283597083E-5
8.199712648895227         1.3128941500374903E-5
8.219192438477661         1.2237027876678337E-5
8.220229566162887         1.2189216567633104E-5
8.220492960066736         1.2177731066986205E-5
8.230560468576144         1.1754995462189631E-5
8.25281880470044          1.0803089143989016E-5
8.255330637511634         1.0701931743102941E-5
8.261358717382286         1.045916682286972E-5
8.279559396671912         9.755589666935782E-6
8.285408043237991         9.524960953136951E-6
8.29702331099718          9.09590576931875E-6
8.302224474697839         8.903763308942274E-6
8.304813026699797         8.812318820783223E-6
8.317997281775543         8.346565203993472E-6
8.328558324767677         7.999819075028462E-6
8.343090232013388         7.51141973623173E-6
8.349308039844258         7.312493078764764E-6
8.350586520313094         7.271590584956645E-6
8.377489330024659         6.477981482984078E-6
8.377557252863445         6.475977819289779E-6
8.380103559312012         6.398887607255656E-6
8.383092337996986         6.307173402171157E-6
8.383223561152688         6.3031466646030135E-6
8.38323074656338          6.302937297892063E-6
8.383617340996084         6.291672805395085E-6
8.401987585065097         5.803746043552703E-6
8.40201715286316          5.8029494916519655E-6
8.415698146695348         5.434385636537291E-6
8.419184929433698         5.346924622883413E-6
8.419197742391994         5.346621051009752E-6
8.421394972045377         5.292471882326333E-6
8.42422390580755          5.22763189371536E-6
8.42429570343488          5.225996763153852E-6
8.43327707625377          5.021453552939957E-6
8.444776938639988         4.756102766947504E-6
8.44644448836296          4.719600647849914E-6
8.446581880522523         4.716754578796401E-6
8.448231279513816         4.682587393121623E-6
8.449060296148263         4.665223959465211E-6
8.468715530708078         4.253552652642128E-6
8.469617274393489         4.2357341700390135E-6
8.473854321323408         4.1520099940554034E-6
8.474228821702868         4.145049796865743E-6
8.481122649526405         4.015342625650219E-6
8.492348038195235         3.803714060832776E-6
8.499951201174            3.6696262957899846E-6
8.500987689384544         3.650390546438733E-6
8.503932479214967         3.601172140716412E-6
8.515651218485267         3.4053083619159547E-6
8.525574284541534         3.251532192560674E-6
8.528021291432719         3.2113532376443625E-6
8.532245568506347         3.1497853397299215E-6
8.538954398775296         3.0520056321196644E-6
8.551197367909067         2.8884653581553067E-6
8.555054893480891         2.8333772472252523E-6
8.559348446148027         2.7799833547837787E-6
8.562257579065324         2.743805871443908E-6
8.576820451276602         2.58042579257388E-6
8.577275784804378         2.5748972518047685E-6
8.582088495529064         2.5164625751814013E-6
8.585560759355356         2.480709079888683E-6
8.593595933524918         2.3858814738081596E-6
8.594219422245601         2.3785233330195622E-6
8.610105578554261         2.19490725084511E-6
8.616123813740463         2.136650613740764E-6
8.619767453146336         2.1013801113360953E-6
8.624251697577455         2.0667029120789477E-6
8.64209599790202          1.930664551471788E-6
8.645329352368648         1.9060146502203343E-6
8.647304934728396         1.8917225059868495E-6
8.648746675538648         1.8821944493956576E-6
8.666649918850899         1.7638769860679218E-6
8.675117809214136         1.7106821372683215E-6
8.692417705263246         1.6038992308844836E-6
8.694004857053553         1.5941026008608042E-6
8.696216227570439         1.58131374980838E-6
8.697004267776059         1.5772493968545365E-6
8.713532384555464         1.4920048880403033E-6
8.725983920850819         1.4318542969655371E-6
8.74181963435769          1.357089334793481E-6
8.74268036173846          1.353025593046962E-6
8.745127520412487         1.3424243733055524E-6
8.745511142292203         1.3410025272908882E-6
8.760414850260027         1.2857638172532404E-6
8.776850032487502         1.230219391170596E-6
8.790939954259242         1.1841437079373341E-6
8.79135586642336          1.1827836267788087E-6
8.79403881325453          1.1750543764783666E-6
8.794126102884904         1.174857520723161E-6
8.80729731596459          1.145153773706733E-6
8.827716144124182         1.1057774198834977E-6
8.839937352890999         1.0835477160017952E-6
8.840031371108267         1.083376702056344E-6
8.841031690186483         1.081946536508133E-6
8.842950106096573         1.0792037593268232E-6
8.854179781669156         1.0701747574007818E-6
8.855916929169695         1.0693456828600798E-6
8.878582255760865         1.0585283831042425E-6
8.88870687579317          1.0548048188795674E-6
8.89186139893862          1.0548725218509215E-6
8.90106224737372          1.0608267683353859E-6
8.905772408668302         1.0654140392559981E-6
8.929448367397548         1.0884722808328295E-6
8.940696115456731         1.0938100586204028E-6
8.94682047276908          1.1002178741616273E-6
8.958691130537535         1.117306491668869E-6
8.970291775416419         1.1326969005567869E-6
8.977603273076303         1.1462741221602464E-6
8.982816895074981         1.1563347659607925E-6
8.990378211977404         1.1729167634300549E-6
8.99876769000008          1.1913149214672862E-6
9.00218510315161          1.2006215178438458E-6
9.015616788619148         1.2349267897753465E-6
9.024026602223138         1.258620391509137E-6
9.027243604583733         1.2679178208558696E-6
9.032347798511687         1.285376072560187E-6
9.048416682163314         1.3374006356132035E-6
9.052638574372082         1.3521811270228993E-6
9.055719519167395         1.3629672569923562E-6
9.061316811468679         1.3855310578516281E-6
9.065931988179956         1.4033547229440731E-6
9.070449931369977         1.4208028752821437E-6
9.08121657570748          1.4631662144813373E-6
9.084195433751054         1.4756714705773844E-6
9.103812945302419         1.5684286824398525E-6
9.104524537998422         1.571712075293403E-6
9.106004466485842         1.5785406819481105E-6
9.112671348334713         1.6080840959251613E-6
9.114016469251647         1.6147581178606145E-6
9.11687326051681          1.629684771587036E-6
9.120448519785747         1.6486253773285787E-6
9.13977073779135          1.7477185239870165E-6
9.141147262918368         1.7547779726616723E-6
9.155962417269416         1.844908068515543E-6
9.162605438622268         1.8840804313113405E-6
9.166766945750943         1.9106358478457125E-6
9.171167992438868         1.937375293941544E-6
9.1767483895916           1.9762288915388727E-6
9.188602082215729         2.0598602437497854E-6
9.195620288781495         2.1093757933596767E-6
9.201188721959356         2.1513602884398026E-6
9.220463881213231         2.3137832942537803E-6
9.225525764178023         2.35489107488641E-6
9.228635138940723         2.3801424480490505E-6
9.23120945147985          2.4022956377979842E-6
9.238506813507087         2.4715643229555363E-6
9.241678932423458         2.5016749993452135E-6
9.244158537648492         2.5245383190664967E-6
9.258112520948984         2.6480680109700225E-6
9.261822554000815         2.687859501161999E-6
9.264435691005245         2.7158863715508437E-6
9.270568919166482         2.7780460138923105E-6
9.280178038679324         2.879931647314528E-6
9.2848399365765           2.9293618182650515E-6
9.295136961576025         3.0404498964441768E-6
9.296225360862437         3.0536361861026583E-6
9.30494487633419          3.159275778233535E-6
9.313023665752743         3.259812275660654E-6
9.318758203922643         3.3322386451115114E-6
9.324935267190863         3.406495864866433E-6
9.334943761988995         3.5400930854994958E-6
9.341207394928988         3.618875276825929E-6
9.348484920170769         3.730309875008166E-6
9.349136591448111         3.7402883669439343E-6
9.357856017178829         3.8698007288065125E-6
9.374919881251081         4.108738400865455E-6
9.378119520839483         4.153541525846001E-6
9.39655167112454          4.448575692527198E-6
9.398769796114333         4.484169196246777E-6
9.409594589844701         4.6673868460315125E-6
9.415315743389856         4.764221606370667E-6
9.43899117186423          5.21238999367114E-6
9.43968357504984          5.2255247779993055E-6
9.443313257936518         5.297570090032412E-6
9.452511965940229         5.480154577195354E-6
9.458251069328556         5.605570464309052E-6
9.48059735398534          6.092976952807676E-6
9.481430672603922         6.1118854523690455E-6
9.489708188490603         6.300039724594134E-6
9.51226908115127          6.858076845534467E-6
9.521511132920846         7.08667630915704E-6
9.523870173343612         7.147100268083297E-6
9.526904411040976         7.224940457328254E-6
9.548429528836891         7.820279929788272E-6
9.55435533510298          7.983746366999188E-6
9.56242491185635          8.206349824223653E-6
9.56410063359135          8.25404856647484E-6
9.566309674083307         8.321354804726586E-6
9.568423162464022         8.394549119491508E-6
9.572877575084913         8.541300646694311E-6
9.579536346871517         8.760675233681727E-6
9.605155179910447         9.59285890753843E-6
9.610567642674214         9.777628686654947E-6
9.632085836767496         1.0580854454796272E-5
9.63319177875007          1.0621160074074742E-5
9.643414512877897         1.0993723586658207E-5
9.651459222337557         1.1278503518842489E-5
9.660653524553366         1.1689112321409981E-5
9.684310438831625         1.2718020907828455E-5
9.68579483599462          1.2779086570355064E-5
9.688643945532982         1.2922675292964758E-5
9.707792649557021         1.3831438121608446E-5
9.720130449651682         1.440407537762971E-5
9.73423132716844          1.5189108374008843E-5
9.73614829340407          1.5290616489281768E-5
9.737846906108093         1.538282960347276E-5
9.755630366179883         1.630965885262388E-5
9.756229245080807         1.6340870915958786E-5
9.771601479028448         1.7245258035344656E-5
9.779605428567631         1.771299392141742E-5
9.793556740011383         1.854690518132029E-5
9.806017144124311         1.9375372398382988E-5
9.819811157618956         2.029250862193223E-5
9.823062563731192         2.0501633101890587E-5
9.82673193210499          2.0742538132552935E-5
9.830884234941955         2.100256735410446E-5
9.840144097649425         2.1644626955649063E-5
9.866519698894752         2.3463054342840238E-5
9.868211729872531         2.3581967526915363E-5
9.891612740657177         2.5409893668520682E-5
9.897894676133674         2.589891248276143E-5
9.90244566288892          2.6253185167509937E-5
9.902880236569093         2.6286230126879353E-5
9.90343014081718          2.6336486731452607E-5
9.9202584558785           2.7838404023097266E-5
9.937548743265655         2.9344363749943248E-5
9.948759226859057         3.0492880073248434E-5
9.963173733553695         3.196578783736302E-5
9.964511703962781         3.2102504760490904E-5
9.972217249962219         3.28759645219404E-5
9.981967754128153         3.400437702191429E-5
9.983098825435325         3.4130745670949304E-5
9.995706724323671         3.553935991090741E-5
9.999778375809104         3.5972899185132176E-5
10                        3.599969112098823E-5
