% Model:              Final Design Simulation.mph
% Version:            COMSOL 6.2.0.339
% Date:               Aug 11 2025, 15:18
% Dimension:          1
% Nodes:              975
% Expressions:        1
% Description:        Line graph
% Arc length (mm)         Electric potential
0                         5.147584082242413E-5
0.001790467625154335      5.118101985505932E-5
0.012232893223702135      4.94278733641699E-5
0.012233740405743099      4.942774105396343E-5
0.012236891074141276      4.9427272903894964E-5
0.012273870430007605      4.942167070310178E-5
0.04530176582656509       4.4418097832442946E-5
0.046402051538340316      4.423823320675929E-5
0.04643033396322682       4.423431300733283E-5
0.05012720372832824       4.372189348209824E-5
0.05790902974759771       4.262379617180388E-5
0.06432071440880538       4.17587126138462E-5
0.08784332599674638       3.858497192006737E-5
0.09683697629948984       3.759006876030053E-5
0.10595561670062725       3.6457982295904834E-5
0.13017453977759352       3.360103879566646E-5
0.1474679175669218        3.1784416323962933E-5
0.15861293846628932       3.062154533445439E-5
0.15908652946772062       3.057265613593011E-5
0.1625644275498157        3.021362978351045E-5
0.16383636658930723       3.009309484895602E-5
0.1655402936066528        2.993162269884141E-5
0.17110984842023136       2.939724003167473E-5
0.19025522029515596       2.752772158355206E-5
0.19080716672412645       2.747276957192829E-5
0.1909795869992319        2.7456168671733467E-5
0.20192135149000467       2.6447283704267594E-5
0.20633855212871488       2.606713151675222E-5
0.21237303223613235       2.5520536271215144E-5
0.2201123693289171        2.4819517329529452E-5
0.22943932133012712       2.400527559577765E-5
0.232488510196176         2.375151223881604E-5
0.23573452849225607       2.3481368100240882E-5
0.24941757193370684       2.2426678275174557E-5
0.2529545670689721        2.2165643596762668E-5
0.26789905566102057       2.0995218950246647E-5
0.2695477054945066        2.0872820703665102E-5
0.2787227745384948        2.0248013790227715E-5
0.2899953363676584        1.95173316629147E-5
0.2995705820092285        1.889666876827206E-5
0.30336088249675797       1.8633862905429554E-5
0.3063587899919149        1.844441539757573E-5
0.30802797714328456       1.8345738717990944E-5
0.3133713272041856        1.804737780764613E-5
0.320608531855628         1.7628893812959435E-5
0.33717405949900936       1.667100903338319E-5
0.3373331797480743        1.666278557000981E-5
0.3454096147956891        1.621558348270664E-5
0.3481177900756487        1.606919070983791E-5
0.3786678246018589        1.4372195173065125E-5
0.3821800183426287        1.4177099580055088E-5
0.38793457530287867       1.3889494955804886E-5
0.40352916678911743       1.3130611695944366E-5
0.4225430917336066        1.219154482735833E-5
0.4278183013518859        1.1931010792863353E-5
0.4369847295124796        1.1538193589646257E-5
0.47103813724096444       1.0260931855894653E-5
0.47190022679329147       1.0228400208924939E-5
0.47354468636941416       1.0166345195913855E-5
0.475890609475373         1.007634851170641E-5
0.4765157961345121        1.0053420504536502E-5
0.48092411296956783       9.905384358308333E-6
0.48152756048482637       9.885119924522725E-6
0.4897496436304296        9.605615493592503E-6
0.4917279608370544        9.538363871923766E-6
0.5186667309454442        8.610024518027022E-6
0.5243809546513196        8.436833032186085E-6
0.526715273310228         8.368374119858369E-6
0.5376113675310901        8.04882273550314E-6
0.5600111036032471        7.384985533415299E-6
0.5744952523426416        7.015875998823018E-6
0.5751023838533653        7.001000063097684E-6
0.6000454442708456        6.3898452193607395E-6
0.6013554762610509        6.3573422931929805E-6
0.6039236702284114        6.304287160340329E-6
0.6246095500339655        5.870903795770812E-6
0.641967042018571         5.524292103979384E-6
0.6426998489188547        5.5096586857592396E-6
0.6578002627846846        5.219884013973337E-6
0.6595426557936435        5.1857701365912625E-6
0.6606806998463304        5.163488656426261E-6
0.6674026734514493        5.028136720860634E-6
0.6727416343897294        4.934602454918027E-6
0.6777333973898223        4.843454230732622E-6
0.6921054979840449        4.57079369357858E-6
0.6950306182739459        4.522953463254873E-6
0.7054643693344973        4.352309864220587E-6
0.7126205443376676        4.234917053714503E-6
0.7213857505547683        4.115664549707948E-6
0.7268366045053192        4.041504516677677E-6
0.7357743849735892        3.914286874902366E-6
0.7455056229989303        3.780626906416861E-6
0.7506849839832732        3.7181774557691088E-6
0.7740978183745684        3.4411147272603806E-6
0.7756220159907796        3.423077682139049E-6
0.7844332894752615        3.3139171649570335E-6
0.786079213183851         3.2962877520028513E-6
0.7887494236288815        3.267687251041395E-6
0.789895358843216         3.2556693873433364E-6
0.7904871910391087        3.2490906598024896E-6
0.7965986941944205        3.1811560080500696E-6
0.7980441312265869        3.16580934556555E-6
0.8233609559515909        2.897012604103912E-6
0.826813863274487         2.8661452109129176E-6
0.8475762545305976        2.685180869817352E-6
0.8529541131811111        2.638307625055202E-6
0.8574230034152492        2.596548305969517E-6
0.8622886224279211        2.553507527953665E-6
0.8648783029200944        2.534944386516555E-6
0.8773468189238507        2.448356136398546E-6
0.8848552639868457        2.3920466448572163E-6
0.9012162889042514        2.2693473394131855E-6
0.9029427425657017        2.259296429771438E-6
0.9145829305592832        2.1941330352589727E-6
0.916012867519008         2.1861280488888326E-6
0.9182473126360806        2.1722150066920528E-6
0.9401439553805799        2.046789483527492E-6
0.9410071822113073        2.043293163191992E-6
0.979071621856912         1.8976311123446713E-6
1.0102126915016072        1.8061102743570157E-6
1.0102494175220578        1.8059863725742588E-6
1.015750872650151         1.7950733482885205E-6
1.0158018337543542        1.79499686809175E-6
1.0159130317482017        1.7948034619802464E-6
1.0413537611463068        1.7505545292752621E-6
1.0414272131872035        1.7503948399691895E-6
1.0524301234433917        1.7417680609742806E-6
1.0525320456517933        1.74173736811481E-6
1.0526460174181054        1.7416758599739464E-6
1.0724948307910083        1.730963877099428E-6
1.0726050088523502        1.730856514529458E-6
1.0891093742366333        1.7377152504019543E-6
1.0892622575492332        1.7378526124138389E-6
1.089352076390151         1.7379118872318138E-6
1.1036359004357084        1.7473383178295135E-6
1.103782804517496         1.747371396255065E-6
1.125788625029874         1.7829149165715416E-6
1.125992469446671         1.7833426009888365E-6
1.1260473931777941        1.783444734615142E-6
1.1347769700804085        1.799677851465518E-6
1.1349606001826418        1.7999394851460095E-6
1.1624678758231162        1.8773670594830424E-6
1.1627226813441114        1.878207333839803E-6
1.1627373467651836        1.878252197854466E-6
1.165918039725109         1.8879824780074424E-6
1.1661383958477884        1.8885607812022932E-6
1.1837432174279199        1.9592339231631243E-6
1.1853182347486886        1.9655567036692967E-6
1.1970591093698104        2.010856127703901E-6
1.1973598859228312        2.0122516358375544E-6
1.2006867032621802        2.029995147095857E-6
1.2094230576067861        2.0764241794688864E-6
1.2208391243711825        2.137679927581939E-6
1.2313310355634206        2.2156271912933657E-6
1.2365647735081478        2.2528701762005993E-6
1.2418445636938875        2.286518726429557E-6
1.2444789028867485        2.3033075933225065E-6
1.2490210813907772        2.3416281726204896E-6
1.2546208605610927        2.388871314112386E-6
1.2657143550572814        2.4560102277296005E-6
1.2706267810811989        2.489069896439556E-6
1.288414343337573         2.627143191113829E-6
1.2897686022276589        2.6380562364104487E-6
1.2932685823091852        2.6662601798710195E-6
1.3089544480140258        2.8346770289887837E-6
1.3102001434313841        2.8488960953749263E-6
1.3215324074245078        2.978248914513637E-6
1.3319163040572768        3.1074983844468717E-6
1.3458056047392573        3.3175830198054747E-6
1.3475994857026183        3.3447166269390198E-6
1.3521945409707694        3.415579777659461E-6
1.3646555005983236        3.616192719262091E-6
1.3705640258053693        3.7089890956442553E-6
1.3724380337678168        3.7434409409296007E-6
1.3954346339275134        4.189956496449548E-6
1.406290835892849         4.408104243544222E-6
1.4067846280676646        4.418026650184494E-6
1.409211747553461         4.467516252066038E-6
1.4233436601111258        4.7935225219608375E-6
1.4386747268842575        5.163021868316148E-6
1.4478594693015534        5.390611089270216E-6
1.4559430216192615        5.612565968491872E-6
1.4659697704327104        5.8878763437336875E-6
1.4742492864544348        6.117662359745564E-6
1.4819148198410015        6.338323187594246E-6
1.486507191049645         6.47363193733111E-6
1.5251549127977424        7.715860454283716E-6
1.5487726726165123        8.593063256958852E-6
1.5492402668113145        8.614162940966281E-6
1.550548882052352         8.66511362641713E-6
1.5538565453077045        8.793896865994313E-6
1.5723904324352818        9.585395024372015E-6
1.5733256208248818        9.632797592789244E-6
1.5754830830367759        9.728801660063121E-6
1.5825581778176598        1.0043633535944126E-5
1.5960081922540494        1.069285575652326E-5
1.5974109748384464        1.0771764409752865E-5
1.5998734385704858        1.0895041274110921E-5
1.6112598103276152        1.146507046413341E-5
1.619625952072818         1.191544545341258E-5
1.6214963288520128        1.2031063391857141E-5
1.623614040646899         1.214886366719859E-5
1.6399614428375706        1.305820765056216E-5
1.643243711891587         1.3253164115039978E-5
1.6455816828655792        1.3410694539102067E-5
1.646569573033264         1.3471143544889512E-5
1.6584918990290642        1.4200670750134247E-5
1.6624499016931082        1.4437408555857535E-5
1.6668614717103551        1.4701275332695625E-5
1.6686630753475256        1.4823414518750698E-5
1.6696670368791442        1.4895263380906596E-5
1.6728160675334536        1.5101135169222193E-5
1.6749051889802247        1.5237714077295578E-5
1.6904792315291237        1.6259268352704822E-5
1.6945929542824043        1.6543217244097224E-5
1.6994902749714562        1.690561464483469E-5
1.703724094771546         1.7218913566462046E-5
1.7173350027994863        1.82089536438877E-5
1.73022646951329          1.9179018742274125E-5
1.732486999981254         1.9348866796018146E-5
1.7341479456411175        1.9473664223746048E-5
1.7420515722364707        2.0087358858797698E-5
1.7516992684102939        2.088544322321311E-5
1.7571320099880854        2.1311228791588607E-5
1.7606540332538283        2.1587263765194983E-5
1.7631868519594551        2.1785252005358078E-5
1.7642562745731212        2.1874275774255256E-5
1.7703057318862712        2.237786105748849E-5
1.7733285106730001        2.262891797567841E-5
1.7777304084794103        2.300351475018565E-5
1.7826425974822158        2.3421536757316628E-5
1.787797742586628         2.388323484074139E-5
1.7880393585738767        2.3904874122658405E-5
1.788364669964122         2.3933535888038327E-5
1.8012453135196438        2.5077098378958413E-5
1.8058047606333139        2.5502235743854848E-5
1.8084529026261427        2.5741891840064218E-5
1.8155956788769672        2.6388311056633815E-5
1.8174208461824124        2.6554721699900267E-5
1.8181396206974032        2.6619210544067238E-5
1.8198480295570718        2.6772489925050826E-5
1.8225817281659449        2.7029955841356194E-5
1.8240370229680254        2.716701879646612E-5
1.829016155087317         2.7646141651398476E-5
1.8315398944222383        2.7887597673370294E-5
1.8384507455944998        2.8548785859251556E-5
1.8412932747944328        2.8818987784072623E-5
1.8469829661849388        2.938054486890274E-5
1.8476533611647517        2.944671103235696E-5
1.8492604130140524        2.9598379945297192E-5
1.8589820226168539        3.050454481867081E-5
1.871894070507918         3.180773420389938E-5
1.8847006878770065        3.310028267931441E-5
1.8903857701513633        3.3658848425465485E-5
1.8922764675005865        3.3844611572707485E-5
1.8984729007055359        3.445648391319818E-5
1.90996422683284          3.563421669202156E-5
1.9101989715171133        3.565815351316312E-5
1.910810850873843         3.5720546605333136E-5
1.9379637787942183        3.854434471930307E-5
1.9394256694879912        3.870184741244402E-5
1.9530618929348433        4.017100097248764E-5
1.9682731816638857        4.181737658529947E-5
1.9774546568829           4.2786543346853573E-5
1.981054076293351         4.317995885154778E-5
1.9856799569950994        4.368556627969276E-5
2.00841446462864          4.6216512521956745E-5
2.013847318369101         4.6821331459794695E-5
2.0169455349715815        4.7167777021406416E-5
2.0226911980352433        4.783176834350327E-5
2.0281959462663184        4.846506026394832E-5
2.0518456754507652        5.1185835453752E-5
2.0564364130602635        5.170168572292949E-5
2.060549063116355         5.217920788855953E-5
2.0746327438033583        5.384301250896383E-5
2.084517727047203         5.501568612079176E-5
2.095927291148945         5.6369223543619916E-5
2.135418169237625         6.120191104142507E-5
2.174923923575147         6.574453514119213E-5
2.1889833179916214        6.739639285584927E-5
2.2070896675786766        6.952373293634445E-5
2.2103052309071707        6.990763490367847E-5
2.2144296779126647        7.039408440009716E-5
2.21903491730216          7.094877607071706E-5
2.223444630125726         7.14891862521532E-5
2.2355401174331773        7.301166630012634E-5
2.2539354322501826        7.532711660594608E-5
2.2659243207281525        7.686621096549447E-5
2.2787611659197236        7.851416323938926E-5
2.285192292576683         7.935197224233448E-5
2.2934411865876996        8.041466333837611E-5
2.3026516653667213        8.162430597013207E-5
2.311471091013822         8.28011288730768E-5
2.3230952643486553        8.439081701261136E-5
2.3329469409252175        8.573810365030801E-5
2.3401101639365014        8.673566902660796E-5
2.350432664260771         8.817320195056059E-5
2.3600793542461966        8.953492305739725E-5
2.372452695262735         9.126364785626311E-5
2.3862684134312837        9.322850073966784E-5
2.399497551901918         9.513773890419705E-5
2.409560464121064         9.662345184140595E-5
2.4119584496002524        9.69774962742779E-5
2.428173388981438         9.933882023962194E-5
2.4283393936482796        9.936299490897824E-5
2.4298304288930286        9.95845087594423E-5
2.4442596815536737        1.0179895818298675E-4
2.4550110098861073        1.0344613538496223E-4
2.45553466544187          1.0352636300581697E-4
2.4558701882422693        1.0357861153090974E-4
2.4702994409029158        1.0585139363973339E-4
2.481050769235351         1.0754203489814359E-4
2.4815744247911127        1.0762437948482083E-4
2.4819099475915114        1.0767798441737133E-4
2.4963392002521583        1.1000909921147418E-4
2.5070905285845946        1.1174320452631906E-4
2.5076141841403548        1.118276660788188E-4
2.516808600087319         1.1336692407906668E-4
2.52138083528002          1.141124714949301E-4
2.525646131139936         1.1480796946741623E-4
2.5257243979768584        1.1482129969952854E-4
2.52582792296319          1.1483898233822819E-4
2.533401308264697         1.1611785285555258E-4
2.5402030567248834        1.172368169750668E-4
2.5418619545801056        1.1750972432952107E-4
2.54383461181336          1.1785249918500707E-4
2.5499940164420742        1.1892578016798854E-4
2.556195858143906         1.1997946208229545E-4
2.5574480072813106        1.2019220000169593E-4
2.5619448256498636        1.2098883952227356E-4
2.566586724619453         1.2181344510697036E-4
2.567892850106281         1.2203978552380253E-4
2.5765567683632185        1.235243457425368E-4
2.580055039486366         1.241561387920994E-4
2.583179432796831         1.247219328945433E-4
2.5892069643565723        1.2578721911256818E-4
2.589249883422686         1.25794804487969E-4
2.5981652533228687        1.2743518584592257E-4
2.599772140974209         1.2773162852975503E-4
2.6099577772493725        1.295663669964971E-4
2.6112515821463305        1.2979690782851278E-4
2.61527505871358          1.3049638545062063E-4
2.6185937144774005        1.3121459329289742E-4
2.620204361686522         1.3152612921125384E-4
2.6288866823112595        1.3328235678022296E-4
2.639225600246526         1.3532957604369975E-4
2.6409063346899235        1.3566338299970308E-4
2.644011436203493         1.3628008035388505E-4
2.6445096844651332        1.3637753056853203E-4
2.6458993412662086        1.3666608153318143E-4
2.647732197731967         1.3705423236138508E-4
2.656985827595948         1.3906563897410156E-4
2.671751482887009         1.422751618456762E-4
2.6746285108735997        1.4284454372040753E-4
2.676827939825746         1.433524203017431E-4
2.689294031696347         1.4623100208801864E-4
2.6923563198207034        1.4702702621540716E-4
2.6969649429807934        1.4822501121240805E-4
2.6992410545019077        1.487445078894793E-4
2.700172665714767         1.489390104961935E-4
2.7050332199846068        1.499538012828539E-4
2.7180623863582163        1.531040913376474E-4
2.7267306261168063        1.5510722685095854E-4
2.731311767303893         1.560767396180941E-4
2.735437929095614         1.5706975235769315E-4
2.7422686003685257        1.5893909696854195E-4
2.7461976882296195        1.6001436745444788E-4
2.754220197731705         1.6195552341117945E-4
2.7615112317483077        1.6357782140469744E-4
2.7658426382066215        1.6454158484215152E-4
2.773329502911439         1.6645457271379752E-4
2.779036386302119         1.6807843127352346E-4
2.7817097693466035        1.6883912597201732E-4
2.7954304334784457        1.724762826431251E-4
2.796247347317628         1.72666934400127E-4
2.7975665516928094        1.7301835350173005E-4
2.809199340961502         1.7599272619693806E-4
2.8160942190631384        1.7791935293154368E-4
2.8194375167331414        1.788066433490813E-4
2.822414535020696         1.7966532141118767E-4
2.822917668358963         1.7981044297852582E-4
2.838900730437654         1.8391190684269348E-4
2.842317669422817         1.848586870695681E-4
2.8434715584971517        1.851784116430328E-4
2.861591517514814         1.906166850383617E-4
2.862855488698349         1.9099603583342604E-4
2.8632171846643133        1.9110149260730664E-4
2.867505600261161         1.9229164383557118E-4
2.8681060067498603        1.9247210732042762E-4
2.8686021199138056        1.926212234811183E-4
2.871969557103973         1.937023055877318E-4
2.8764219761328573        1.9499002338382718E-4
2.8777826933591255        1.9538356670855723E-4
2.8915396420251707        1.995387998436117E-4
2.8974331019906003        2.0145469266730323E-4
2.898303509389957         2.0173765162518159E-4
2.9103401502654886        2.0589702273752546E-4
2.915573683789181         2.0763206587439548E-4
2.918199015320452         2.085629192845286E-4
2.921021445848983         2.0956365730601397E-4
2.9280048988661083        2.11817521984798E-4
2.9338420292168483        2.1382091129718936E-4
2.9396077255531905        2.1579978340122898E-4
2.957463115866663         2.2233943762986106E-4
2.9577046817516033        2.224227221741964E-4
2.957831921980784         2.2247558310736407E-4
2.966241096600954         2.2588574486255434E-4
2.9696558560572424        2.272705278676636E-4
2.9857444004918166        2.3343922026767237E-4
2.9908234522157686        2.3538663744367648E-4
3.0113811915464366        2.4268313116078164E-4
3.0221576420133944        2.465569844494442E-4
3.0251150184238815        2.476200842492074E-4
3.0264024565579204        2.4814253713861204E-4
3.028777930716837         2.492679589744971E-4
3.0346694082705934        2.5205914803447255E-4
3.04100248950893          2.551239553488806E-4
3.042245999744053         2.557374322759065E-4
3.0585940584776568        2.633885099308273E-4
3.086916391335361         2.766436842358588E-4
3.095827107513849         2.818501640213574E-4
3.1091687412574402        2.9004002074041967E-4
3.12379679979524          2.9915715989921874E-4
3.12444463738297          2.9954452291129684E-4
3.147430326112801         3.1328840840005585E-4
3.1666616860110803        3.270237360771208E-4
3.1672018997212876        3.274255351558931E-4
3.1773349930059505        3.349623071221753E-4
3.1935421118621363        3.4716926089184354E-4
3.2053475998464265        3.560609736836948E-4
3.207944260890241         3.5795096171121175E-4
3.222560349465799         3.7028892831670137E-4
3.23749626450831          3.8289687195800426E-4
3.2455012447544607        3.8989081449414747E-4
3.2684581956676824        4.101642261850456E-4
3.286898399897613         4.285931524451081E-4
3.3083308430055403        4.494695716640076E-4
3.313667496502971         4.5482554285633623E-4
3.3289721304451225        4.703295424935309E-4
3.3653646376781166        5.114279395435563E-4
3.3684491999488           5.149113644176513E-4
3.379165421502771         5.267418351951311E-4
3.381833748251482         5.297664922087416E-4
3.389486065222563         5.385126879489749E-4
3.450000000000003         6.147136625513801E-4
3.5037120321032313        6.992212459445944E-4
3.55742406420646          8.05835975328104E-4
3.6111360963096883        9.345578507019088E-4
3.6648481284129177        0.0010853868720660093
3.7185601605161467        0.0012583230394204047
3.7722721926193756        0.0014533663527650958
3.825984224722604         0.0016705168121000826
3.881997163890942         0.0019151840653597175
3.9380101030592787        0.002243240306242188
3.9940230422276155        0.002654685534747495
4.050035981395953         0.003149519750875639
4.106048920564291         0.0037277429546266187
4.162061859732628         0.004389355146000436
4.2180747989009655        0.005134356324997089
4.251206970486542         0.005667012488364277
4.284339142072116         0.006275183646811501
4.317471313657691         0.006958869800338763
4.3506034852432665        0.007718070948946063
4.383735656828842         0.008552787092633398
4.416867828414418         0.009463018231400772
4.449999999999993         0.010448764365248183
4.489285714285708         0.011739785476175393
4.528571428571423         0.013274742324692295
4.5678571428571395        0.015053634910798893
4.607142857142854         0.017076463234495194
4.646428571428569         0.019343227295781196
4.685714285714284         0.021853927094656892
4.725                     0.024608562631122283
4.773471605201026         0.02837906132921209
4.773570321558648         0.028387075161961695
4.779271473711347         0.028895146340368615
4.779395257392146         0.028906386087498175
4.8219432104020505        0.033060335411270736
4.822140643117287         0.033080280545577996
4.8335429474227105        0.03432266793686108
4.833790514784301         0.034350059673834185
4.870414815603075         0.03865238487729825
4.870710964675926         0.03868817878197171
4.887814421134074         0.04089112742059849
4.888185772176455         0.040939583390129757
4.918886420804101         0.04515520972729465
4.9192812862345665        0.045210769871142836
4.942085894845438         0.048600524791580856
4.94258102956861          0.04867495723638487
4.967358026005126         0.05256880996125992
4.9678516077932064        0.052648053813091365
4.996357368556801         0.05745086004980817
4.996976286960765         0.05755618121259954
5.015829631206152         0.06089318557919406
5.0164219293518455        0.0610000306078173
5.016516172059537         0.06101777910188777
5.050628842268167         0.06744213319528045
5.05137154435292          0.06758325531877377
5.064301236407176         0.07012833658109711
5.064752334039931         0.07022232283441746
5.067070893012584         0.07072674095828273
5.096481251608102         0.07712516259859177
5.09692999773073          0.0772359947807732
5.108392758249021         0.07993610570992468
5.109807756159563         0.08028374058063775
5.136681653919142         0.08707512587444977
5.136895050795108         0.08712905405480315
5.139564438799197         0.08782100878839752
5.1564253509487665        0.09229904237109798
5.160840391901708         0.09351631489351851
5.177415153138759         0.09820274103229663
5.1782953625597505        0.09845734172504284
5.182198879867662         0.09958643462843521
5.204457943648513         0.10616662157397078
5.2118730276438505        0.10843372418246633
5.217935255482411         0.11032984571694676
5.220678150043387         0.11120560196173318
5.224833320936128         0.11253227230088628
5.252490536348258         0.12153884331854309
5.254266504691111         0.122135166675665
5.258455357826062         0.12354167314520567
5.262905663385993         0.1250649195496045
5.264007307949628         0.12544973877620355
5.267467762004593         0.12665852180575074
5.272071903244341         0.12829613012302526
5.290627802020435         0.13489612186695754
5.300340037649562         0.13837498198028197
5.309764873536821         0.14190080817634923
5.317774436319923         0.14503686715038913
5.343105636302564         0.15491233153724798
5.347483892206178         0.15661921120667982
5.351660814037569         0.1583140378663806
5.3770311607231145        0.16905075826732752
5.377205356794511         0.1691244779739085
5.385006647574707         0.17241283156822157
5.393722263406875         0.17609793249442054
5.394627746762792         0.17642483463195235
5.395781837774849         0.17693531498892334
5.406435042421167         0.18164746650377572
5.420720464086982         0.1879621388762834
5.426070071700276         0.19047062559246603
5.445164003922254         0.1990601733213903
5.4467118615355545        0.1997564886058724
5.447497691705726         0.2001097751635913
5.449056431712274         0.20085242970511674
5.4537494583438715        0.20316379449075594
5.4557956045962674        0.20411022378991114
5.4681528711765175        0.20978844827005994
5.469182166886181         0.2102614146868617
5.471199822624144         0.21126659580926826
5.480183199896633         0.2154728327522814
5.480361618907999         0.21555618237881952
5.48089727116756          0.21580641589063676
5.48108533649676          0.21589450090137632
5.494121889196721         0.22191254718694126
5.496666451248615         0.22311409835725216
5.507561347847528         0.22825870693502312
5.514771945188324         0.2316723581249533
5.522849369899408         0.23544189463065837
5.534225424527496         0.24087112132138233
5.54796877386838          0.24744687825203318
5.548458553879888         0.24768122245920404
5.551576850602094         0.24915219292603313
5.560889501207464         0.25364365904971437
5.56964067333734          0.25787498358600736
5.580304331304782         0.2629782417538549
5.584404047828042         0.2650418267683443
5.585675506954793         0.26566159265829103
5.586520901980996         0.26609222478073513
5.59392781699605          0.26972279031355834
5.60412010085458          0.2745482231396852
5.6071144123556325        0.27596584937629565
5.615783181997681         0.280268987387428
5.6175042696819695        0.28112332752340735
5.623458658410508         0.2837655291983049
5.635160460937094         0.28933686543232096
5.642107803714186         0.29262003484316446
5.642377249037146         0.29274488555103045
5.65604178841133          0.29907651303961047
5.660938876147087         0.3013590422929056
5.6852924052629845        0.31231031564095335
5.688248752139446         0.3136292869555919
5.69085027948466          0.31478995587773545
5.694338187437201         0.3163139338454306
5.696044150682633         0.31706399333433777
5.698419093883667         0.31810818270261515
5.7236077204298486        0.3287692434573229
5.732634586463071         0.332553457291554
5.735424349588875         0.33373060947676336
5.735899311620248         0.3339293450354696
5.739592755255135         0.33541412374550406
5.7466788044318085        0.3381974294183844
5.770930985488945         0.3477233629016395
5.773379529356824         0.3486918208856298
5.785556293914766         0.3533080791228115
5.788335231025609         0.35435177500647724
5.800002589852413         0.35862618833634674
5.809227384514814         0.3620057522852757
5.8108597470934065        0.36260824739971215
5.835688238240657         0.37136460376351516
5.8370777067960855        0.37184972788237663
5.844434692132681         0.3743505616326946
5.847523783540685         0.37540062544246267
5.848339964829985         0.37568030122890333
5.885820182566559         0.38790798237320095
5.922792239510174         0.3991359422934653
5.928870095513154         0.401782692957469
5.930260557588887         0.40216880441306185
5.93934346710099          0.403149610291398
5.955144818152874         0.40754844866185636
5.959764296453795         0.40883443606476044
5.971920008459754         0.4138203487789106
5.973001605854903         0.41409332414190425
5.974700932611208         0.41452220307618015
5.977552900895797         0.4147580027529578
5.992866751635417         0.41602414623503503
5.9967363533974165        0.4170034636870851
6.011194009332256         0.4225677284673418
6.014969921406354         0.4240209498375239
6.019141307633532         0.424968178362557
6.0337084103410366        0.425803974456299
6.0463900361698455        0.42820285941848124
6.058019834352951         0.43238449613330887
6.063581682655852         0.43350673027219244
6.070680467284659         0.43373439929448365
6.076690059013735         0.43471912028358317
6.099913320704272         0.43852444255054757
6.101069747299554         0.4389109876662658
6.105823141546906         0.4397498170475669
6.10765252422828          0.44010560524496795
6.108022057678176         0.44022617368282857
6.144119660246154         0.44587797555822994
6.144624581171899         0.4458773602246888
6.145061744527157         0.44593040734664025
6.14992958918747          0.446521090774769
6.152357701700467         0.44693634441166713
6.175469309849327         0.4495688083936319
6.18208864121634          0.45029792429725135
6.182151636168085         0.4503048631583868
6.196204255201566         0.4525508181084439
6.217969749859858         0.45635752533439744
6.220177827025413         0.4565476018089931
6.2433650521031225        0.4562936943168248
6.246746504458485         0.4562566663376441
6.252934913315883         0.45664370502429263
6.275148189187845         0.4602821551181365
6.284375799887885         0.46089822295070015
6.297288753715403         0.4606134852432948
6.326207365218589         0.4621011248583903
6.327201184986912         0.46215224922366144
6.330118551350275         0.4625977193000752
6.338429571127975         0.46306033806108615
6.347831002972322         0.46379287405031483
6.350781849915911         0.4642396627608444
6.385088913512709         0.46638715648923657
6.395627735485457         0.4660242372544797
6.398373252229241         0.4659296915037078
6.40146745665794          0.4660505400658331
6.410118130318781         0.46726431695727977
6.417187899943939         0.4682562770444705
6.440059275675139         0.46943406200440724
6.4489155014861606        0.469030779206035
6.464311323213393         0.46946118779867674
6.4757337283289695        0.46978051478215854
6.483593949971964         0.4707961330052356
6.495029637837573         0.4712580867223749
6.49945775074308          0.47100729225251237
6.549999999999997         0.47185923064314
6.644882831061918         0.4723420006655571
6.739765662123838         0.46869861616012365
6.8346484931857585        0.46092907712683956
6.9295313242476775        0.44903338356570527
7.024414155309598         0.4330115354767204
7.11929698637152          0.4128635328598852
7.21417981743344          0.3885893757151993
7.244333672763007         0.378723212524121
7.264436242982708         0.37170278520719957
7.274487528092573         0.3682116990864226
7.28956445575737          0.36264283101310246
7.30464138342214          0.35709805273253054
7.314692668531987         0.35318004128404645
7.334795238751708         0.345382273462445
7.364949094081275         0.33302114394573945
7.395102949410841         0.32010109884326665
7.415205519630545         0.31104475025208295
7.425256804740408         0.3065357034941738
7.461273923505308         0.28949281583784503
7.497291042270207         0.2724446933495888
7.506295321961424         0.26815454038089354
7.533308161035107         0.2553481186989785
7.5513167204175495        0.24675425955110464
7.567370858654893         0.23912570615682727
7.599479135129573         0.22384557663547547
7.631587411604251         0.20838523927728403
7.647641549841582         0.20064355923178967
7.663695688078929         0.19281997141903362
7.6923901084804225        0.17950395713101938
7.721084528881917         0.16673190552992517
7.73543173908266          0.1606970003724345
7.749778949283411         0.1545790939525322
7.7784733696849075        0.1430455223988406
7.807167790086402         0.1320559135320688
7.821515000287146         0.1269122297417387
7.835862210487897         0.12168554468899834
7.864556630889393         0.11193441586962935
7.904428802126359         0.09909143171824757
7.905769699819823         0.09867561227428748
7.90982336616136          0.09745604608704761
7.9115595462526205        0.09694627065506257
7.944300973363325         0.08723431389409589
7.946982768750259         0.08647100182239349
7.955090101433331         0.08423842817083611
7.958562461615852         0.08330734614277716
7.984173144600291         0.07636306239717372
7.988195837680692         0.07532058451394809
8.0003568367053           0.07228156212099496
8.005565376979087         0.0710176423327746
8.024045315837256         0.06647767722748107
8.029408906611126         0.0652243603489513
8.04562357197727          0.061585447937524164
8.052568292342318         0.06007715922505498
8.063917487074221         0.057578158385017966
8.07062197554156          0.05618232932740312
8.09089030724924          0.05215008562042374
8.099571207705552         0.05048589681961825
8.103789658311186         0.04966450586978441
8.111835044471993         0.048194491449303545
8.136157042521205         0.043975475169693634
8.142798613888287         0.04287145393152984
8.143661829548153         0.04272796252431062
8.1440164935878           0.04266844355584728
8.147185882238436         0.04213656346072644
8.152441453529946         0.041247266207579014
8.164089957424066         0.03934548454099756
8.168516579867687         0.038676216988885175
8.179699890045084         0.036985395889444016
8.181869881147833         0.036657917601691015
8.182660045349625         0.03653949750620092
8.185041133250392         0.03617068491231752
8.187640327625333         0.03579946819355144
8.199712648895227         0.03413997268099359
8.219192438477661         0.031445221612048366
8.220229566162887         0.03130108462732536
8.220492960066736         0.03126663892251307
8.230560468576144         0.029983043381399434
8.25281880470044          0.027206984488702853
8.255330637511634         0.026914307560980708
8.261358717382286         0.026211920089671603
8.279559396671912         0.024150844118139204
8.285408043237991         0.023504785996870996
8.29702331099718          0.022316983763156904
8.302224474697839         0.021780561480482567
8.304813026699797         0.021522075185514633
8.317997281775543         0.020205528620537448
8.328558324767677         0.019237537297759878
8.343090232013388         0.017945971488615
8.349308039844258         0.01741372487960225
8.350586520313094         0.017304286487047186
8.377489330024659         0.015222017904807424
8.377557252863445         0.015216760699528854
8.380103559312012         0.015026753261000805
8.383092337996986         0.014803649249916395
8.383223561152688         0.014793853806536503
8.38323074656338          0.014793345762276958
8.383617340996084         0.0147660116138642
8.401987585065097         0.013600568929075303
8.40201715286316          0.013598690558250158
8.415698146695348         0.012729570050208739
8.419184929433698         0.012506343208862375
8.419197742391994         0.012505507158927238
8.421394972045377         0.012362238298015546
8.42422390580755          0.01220371129053961
8.42429570343488          0.012199694141231655
8.43327707625377          0.011697177317987513
8.444776938639988         0.011045169516329254
8.44644448836296          0.010954621905065307
8.446581880522523         0.010947538175723887
8.448231279513816         0.010862497689661351
8.449060296148263         0.010819935917379498
8.468715530708078         0.009810834793564375
8.469617274393489         0.009766700880290816
8.473854321323408         0.009559327693467661
8.474228821702868         0.009542025203016728
8.481122649526405         0.009225025411422314
8.492348038195235         0.00870598100485635
8.499951201174            0.008373146022995494
8.500987689384544         0.008327198846765138
8.503932479214967         0.008207006526535568
8.515651218485267         0.007728703304855178
8.525574284541534         0.007348127244058665
8.528021291432719         0.0072529228280438455
8.532245568506347         0.007103416977123678
8.538954398775296         0.006865977680279216
8.551197367909067         0.00646282308894062
8.555054893480891         0.006333660453564115
8.559348446148027         0.006204987547042324
8.562257579065324         0.006117804131128465
8.576820451276602         0.005717233557641353
8.577275784804378         0.0057044568545470895
8.582088495529064         0.005569411723325944
8.585560759355356         0.005484182657402924
8.593595933524918         0.005244391243760323
8.594219422245601         0.005225784647491501
8.610105578554261         0.004757369508259566
8.616123813740463         0.004617593011103135
8.619767453146336         0.004532967678709819
8.624251697577455         0.0044474367655592244
8.64209599790202          0.004110158846182268
8.645329352368648         0.0040490447062453295
8.647304934728396         0.004013234501180638
8.648746675538648         0.003989164975871673
8.666649918850899         0.0036902745200055507
8.675117809214136         0.0035522359058975357
8.692417705263246         0.003273207212188262
8.694004857053553         0.0032476081629506013
8.696216227570439         0.00321365440226238
8.697004267776059         0.00320268288713895
8.713532384555464         0.002972569649370001
8.725983920850819         0.002804110529415031
8.74181963435769          0.0025925978222521317
8.74268036173846          0.0025811013539460415
8.745127520412487         0.002550311357391178
8.745511142292203         0.0025460338589332514
8.760414850260027         0.0023798530668031692
8.776850032487502         0.0022030606361117143
8.790939954259242         0.0020539264831134414
8.79135586642336          0.0020495242792316513
8.79403881325453          0.002023205366567032
8.794126102884904         0.002022474048391303
8.80729731596459          0.0019121247723050577
8.827716144124182         0.0017490862259875845
8.839937352890999         0.0016536114299927883
8.840031371108267         0.0016528769388074313
8.841031690186483         0.0016458372236127531
8.842950106096573         0.0016323364297899426
8.854179781669156         0.0015693847658756646
8.855916929169695         0.0015603299150948199
8.878582255760865         0.001442187299042641
8.88870687579317          0.0013911593326733803
8.89186139893862          0.0013777045470599084
8.90106224737372          0.0013516330475149899
8.905772408668302         0.0013401390825802631
8.929448367397548         0.001282363855276883
8.940696115456731         0.0012367757169316263
8.94682047276908          0.0012154130630857545
8.958691130537535         0.0011820680530546484
8.970291775416419         0.0011489707687804957
8.977603273076303         0.001132501850599685
8.982816895074981         0.0011210473139099525
8.990378211977404         0.0011052776833229022
8.99876769000008          0.0010877808674979624
9.00218510315161          0.001082706078580323
9.015616788619148         0.0010613840849930892
9.024026602223138         0.001048971482066281
9.027243604583733         0.0010444016076801101
9.032347798511687         0.0010402164185632364
9.048416682163314         0.001025141344016067
9.052638574372082         0.0010216511911880961
9.055719519167395         0.0010191042364913758
9.061316811468679         0.0010178387295177857
9.065931988179956         0.0010163223994137938
9.070449931369977         0.0010148380156738597
9.08121657570748          0.001011897380192492
9.084195433751054         0.0010114158443133468
9.103812945302419         0.0010200266740620163
9.104524537998422         0.0010202848486740297
9.106004466485842         0.0010208217849933506
9.112671348334713         0.0010224525721963308
9.114016469251647         0.0010235894646757721
9.11687326051681          0.0010263224730972108
9.120448519785747         0.0010299409896315384
9.13977073779135          0.0010475172283621226
9.141147262918368         0.0010487693689933992
9.155962417269416         0.0010702110980420497
9.162605438622268         0.0010788344537257049
9.166766945750943         0.001085283275222362
9.171167992438868         0.0010913351023404006
9.1767483895916           0.0011017155887019562
9.188602082215729         0.0011243294587817035
9.195620288781495         0.0011377184352385403
9.201188721959356         0.0011497422280770287
9.220463881213231         0.001200712673587205
9.225525764178023         0.0012132145694761492
9.228635138940723         0.0012208941384889709
9.23120945147985          0.001227899717938946
9.238506813507087         0.0012512981370526805
9.241678932423458         0.0012614692876146002
9.244158537648492         0.0012690123058241556
9.258112520948984         0.0013085594908594871
9.261822554000815         0.0013226531553509938
9.264435691005245         0.0013325799338179877
9.270568919166482         0.0013541622332761197
9.280178038679324         0.0013900297853304757
9.2848399365765           0.0014074310534982508
9.295136961576025         0.0014474159914414557
9.296225360862437         0.0014522905640622793
9.30494487633419          0.0014913423274326462
9.313023665752743         0.0015285928218366487
9.318758203922643         0.0015558972371190693
9.324935267190863         0.0015838114238008758
9.334943761988995         0.00163500000858553
9.341207394928988         0.0016648273542678774
9.348484920170769         0.0017080561893456955
9.349136591448111         0.0017119271467436058
9.357856017178829         0.0017619731598645532
9.374919881251081         0.0018565081237336984
9.378119520839483         0.0018742343439850442
9.39655167112454          0.001990458049887598
9.398769796114333         0.0020044469417035376
9.409594589844701         0.0020786275555495564
9.415315743389856         0.002117833723579931
9.43899117186423          0.0022981993777169227
9.43968357504984          0.0023034750777142306
9.443313257936518         0.002333113683635588
9.452511965940229         0.00240822682437525
9.458251069328556         0.0024594829802307185
9.48059735398534          0.002658668541471542
9.481430672603922         0.0026665515700872214
9.489708188490603         0.002744864670964235
9.51226908115127          0.0029755805437752044
9.521511132920846         0.00307009311792964
9.523870173343612         0.0030955060619505285
9.526904411040976         0.0031281960825187208
9.548429528836891         0.003376577390445594
9.55435533510298          0.0034447510794053445
9.56242491185635          0.0035375878666573045
9.56410063359135          0.003557781580913706
9.566309674083307         0.0035860930341740944
9.568423162464022         0.0036166745117392997
9.572877575084913         0.003677633824625382
9.579536346871517         0.0037687601273107387
9.605155179910447         0.0041139845352469034
9.610567642674214         0.004190854116711336
9.632085836767496         0.004528455467362667
9.63319177875007          0.004545720702942064
9.643414512877897         0.004705311274385721
9.651459222337557         0.004826529624579454
9.660653524553366         0.004995587512786354
9.684310438831625         0.005422312751078488
9.68579483599462          0.0054487778738539
9.688643945532982         0.005509030931214945
9.707792649557021         0.005890366601466153
9.720130449651682         0.006129364363243283
9.73423132716844          0.006449318114692612
9.73614829340407          0.0064908585343752935
9.737846906108093         0.006530534104051373
9.755630366179883         0.006927207063516736
9.756229245080807         0.006940565491237285
9.771601479028448         0.007315984694256023
9.779605428567631         0.007511355472008494
9.793556740011383         0.007875443580160051
9.806017144124311         0.008226991838986612
9.819811157618956         0.008616165527281271
9.823062563731192         0.008704478021525538
9.82673193210499          0.00881033592270897
9.830884234941955         0.008923848477296475
9.840144097649425         0.009196583211168396
9.866519698894752         0.009973102683823946
9.868211729872531         0.01002577320800523
9.891612740657177         0.010795393914256032
9.897894676133674         0.011006737153414886
9.90244566288892          0.011159846061620191
9.902880236569093         0.011174461090030917
9.90343014081718          0.011196450499118596
9.9202584558785           0.011839574944631653
9.937548743265655         0.012474811261246672
9.948759226859057         0.012957943508023054
9.963173733553695         0.013590035888611197
9.964511703962781         0.013648707400508983
9.972217249962219         0.013986509605760634
9.981967754128153         0.014475944160146099
9.983098825435325         0.01452947164508614
9.995706724323671         0.015126135280342652
9.999778375809104         0.015311231541854521
10                        0.015321900309335475
